# Number of parameters = 8  Objective function value = -3561.84  Maximum gradient component = 1.88838e-05
# alpha:
2.01693550656
# beta:
0.207657849804
# M:
0.193800350303
# q:
1.04729006864
# R:
0.891520102390
# gam:
0.407143025002
# rho:
0.920000000000
# mean_recruit:
0.898290857727
# sd_recruit:
0.111901586511
# u:
 -0.113037994711 0.414717216564 0.731939418124 0.728641268281 0.207444555649 2.20261546962 1.34419404756 0.0868354872288 -0.967180341968 -1.14229175110 -0.466213670736 -0.329267767969 0.624602502948 -0.675871552500 -1.46860359375 0.942711138638 2.09296909970 0.193117687084 0.827933591567 0.932387331929 -0.231128014580 1.06669153584 0.829970271867 -0.869454594231 -1.79755976464 -2.01047931369 -1.57586602638 -2.16936891073 -0.436672147846 -0.622645787880 -0.405486931745 -0.505447846190 0.749441633013 2.06731645610 0.672474470932 0.235585879825 -0.196968076287 -2.18507322362 -0.590397093406 0.772188822248 0.845040487108 1.44110715603 0.488912548978 0.656207814002 0.570475734813 -1.28516902753 0.417480207593 0.768692184401 0.727252400537 0.823620449123 1.31996994511 0.954627613731 -0.233610390044 -1.77122611279 -1.41207418635 0.339641725244 -0.550806293032 -1.46205967249 0.361141964297 -0.310055437031 0.406002266427 -0.537488369668 1.09934134574 0.812525428276 -0.790819105493 -1.85038865106 -0.633690244306 -0.730946421061 0.0988414741742 -0.465438247228 0.944936121377 0.473331807080 -1.26097417945 -0.266919726408 -1.33956667782 -0.516558906493 -0.447727468605 1.50045634479 0.394140872268 0.820004560246 -0.642493942301 -0.938734587322 0.132238770592 -1.05163393669 -0.426400761880 0.700547219711 -0.129286867039 -1.14311738751 0.167683211785 1.08462168193 0.672209216441 -0.200263442341 1.58272515934 0.465317249015
