 1031 204137 -204137
 406 -204127 -204127
 1050 -171315 -171315
 425 171306 -171306
 1046 169755 -169755
 421 -169746 -169746
 681 156590 -156590
 56 -156582 -156582
 981 -154613 -154613
 356 154605 -154605
 656 141659 -141659
 31 -141652 -141652
 1049 138689 -138689
 424 -138681 -138681
 1036 -137773 -137773
 411 137766 -137766
 1047 131517 -131517
 422 -131510 -131510
 700 -131411 -131411
 75 131404 -131404
 696 130215 -130215
 71 -130208 -130208
 1000 129752 -129752
 375 -129746 -129746
 1026 128883 -128883
 401 -128876 -128876
 996 -128571 -128571
 371 128564 -128564
 675 -118884 -118884
 50 118878 -118878
 671 117801 -117801
 46 -117795 -117795
 1032 116837 -116837
 407 -116831 -116831
 1038 109357 -109357
 413 -109351 -109351
 699 106385 -106385
 74 -106379 -106379
 686 -105683 -105683
 61 105677 -105677
 999 -105042 -105042
 374 105036 -105036
 986 104348 -104348
 361 -104343 -104343
 1231 -103449 -103449
 606 103444 -103444
 697 100884 -100884
 72 -100879 -100879
 997 -99610.5 -99610.5
 372 99605.2 -99605.2
 676 98863.1 -98863.1
 51 -98857.9 -98857.9
 856 98698.8 -98698.8
 231 -98693.6 -98693.6
 976 -97615.5 -97615.5
 351 97610.4 -97610.4
 1027 96460.6 -96460.6
 402 -96455.5 -96455.5
 674 96242.3 -96242.3
 49 -96237.2 -96237.2
 1006 -96097 -96097
 381 96092 -96092
 1043 95859 -95859
 418 -95854 -95854
 661 -95606.2 -95606.2
 36 95601.2 -95601.2
 672 91264.7 -91264.7
 47 -91260 -91260
 682 89622.8 -89622.8
 57 -89618.1 -89618.1
 651 89438.2 -89438.2
 26 -89433.5 -89433.5
 982 -88490.9 -88490.9
 357 88486.2 -88486.2
 1250 86817.3 -86817.3
 625 -86812.8 -86812.8
 1246 -86026 -86026
 621 86021.5 -86021.5
 688 83885.6 -83885.6
 63 -83881.2 -83881.2
 875 -82828.3 -82828.3
 988 -82826.3 -82826.3
 250 82824 -82824
 363 82821.9 -82821.9
 871 82073.7 -82073.7
 246 -82069.4 -82069.4
 657 81077.1 -81077.1
 32 -81072.8 -81072.8
 1025 80644.9 -80644.9
 400 -80640.7 -80640.7
 1021 -79910.4 -79910.4
 396 79906.2 -79906.2
 1039 -78286.3 -78286.3
 414 78282.2 -78282.2
 1034 -76589.5 -76589.5
 409 76585.4 -76585.4
 663 75887.2 -75887.2
 38 -75883.2 -75883.2
 1181 -75442 -75442
 556 75438 -75438
 677 73992.1 -73992.1
 52 -73988.3 -73988.3
 693 73532 -73532
 68 -73528.1 -73528.1
 977 -73058.2 -73058.2
 352 73054.4 -73054.4
 993 -72603.4 -72603.4
 368 72599.6 -72599.6
 1249 -70282.5 -70282.5
 624 70278.8 -70278.8
 1045 70030.4 -70030.4
 420 -70026.7 -70026.7
 1236 69817.8 -69817.8
 611 -69814.2 -69814.2
 1041 -68939.4 -68939.4
 416 68935.8 -68935.8
 1044 68877.9 -68877.9
 419 -68874.3 -68874.3
 1030 -68835.2 -68835.2
 405 68831.6 -68831.6
 874 67054.2 -67054.2
 249 -67050.7 -67050.7
 652 66939.2 -66939.2
 27 -66935.7 -66935.7
 881 -66672 -66672
 256 66668.5 -66668.5
 1247 -66647.8 -66647.8
 622 66644.3 -66644.3
 861 -66612 -66612
 236 66608.5 -66608.5
 668 66520.3 -66520.3
 43 -66516.8 -66516.8
 1226 -65314.2 -65314.2
 601 65310.8 -65310.8
 1024 -65286.6 -65286.6
 399 65283.2 -65283.2
 1011 64856 -64856
 386 -64852.6 -64852.6
 872 63588 -63588
 247 -63584.7 -63584.7
 1200 63312 -63312
 575 -63308.7 -63308.7
 1196 -62735.5 -62735.5
 571 62732.2 -62732.2
 851 62313.8 -62313.8
 226 -62310.5 -62310.5
 1022 -61911.5 -61911.5
 397 61908.3 -61908.3
 1001 -60671.2 -60671.2
 376 60668 -60668
 689 -60051.4 -60051.4
 64 60048.2 -60048.2
 989 59293.1 -59293.1
 364 -59290 -59290
 1232 -59207.3 -59207.3
 607 59204.2 -59204.2
 684 -58750.5 -58750.5
 59 58747.4 -58747.4
 984 58008.4 -58008.4
 359 -58005.4 -58005.4
 857 56489.2 -56489.2
 232 -56486.3 -56486.3
 900 55951.8 -55951.8
 275 -55948.9 -55948.9
 896 -55442.8 -55442.8
 271 55439.8 -55439.8
 1238 -55418.1 -55418.1
 613 55415.1 -55415.1
 1007 -54999.9 -54999.9
 382 54997 -54997
 664 -54326.5 -54326.5
 39 54323.7 -54323.7
 695 53718.8 -53718.8
 70 -53716 -53716
 731 -53337.4 -53337.4
 106 53334.6 -53334.6
 659 -53148.2 -53148.2
 34 53145.4 -53145.4
 995 -53040.6 -53040.6
 370 53037.8 -53037.8
 691 -52881.2 -52881.2
 66 52878.4 -52878.4
 863 52873.2 -52873.2
 238 -52870.4 -52870.4
 694 52834.7 -52834.7
 69 -52831.9 -52831.9
 680 -52801.9 -52801.9
 55 52799.2 -52799.2
 991 52213.9 -52213.9
 366 -52211.2 -52211.2
 994 -52167.1 -52167.1
 369 52164.4 -52164.4
 980 52135.6 -52135.6
 355 -52132.9 -52132.9
 1106 -52004.5 -52004.5
 481 52001.8 -52001.8
 1013 -51479.4 -51479.4
 388 51476.7 -51476.7
 1199 -51254.5 -51254.5
 574 51251.8 -51251.8
 1186 50915.8 -50915.8
 561 -50913.2 -50913.2
 1227 -48883.8 -48883.8
 602 48881.2 -48881.2
 1197 -48604 -48604
 572 48601.4 -48601.4
 670 48596.8 -48596.8
 45 -48594.2 -48594.2
 1243 -48577.7 -48577.7
 618 48575.2 -48575.2
 666 -47840.9 -47840.9
 41 47838.4 -47838.4
 669 47796.4 -47796.4
 44 -47793.9 -47793.9
 655 -47768.1 -47768.1
 30 47765.6 -47765.6
 1176 -47630.9 -47630.9
 551 47628.4 -47628.4
 852 46636.8 -46636.8
 227 -46634.3 -46634.3
 1048 -46411.3 -46411.3
 423 46408.8 -46408.8
 868 46347.3 -46347.3
 243 -46344.9 -46344.9
 1002 -45407.6 -45407.6
 377 45405.2 -45405.2
 899 -45296.4 -45296.4
 274 45294 -45294
 1018 -45125.7 -45125.7
 393 45123.3 -45123.3
 886 44997.3 -44997.3
 261 -44994.9 -44994.9
 750 44761.8 -44761.8
 125 -44759.5 -44759.5
 806 44723.7 -44723.7
 181 -44721.3 -44721.3
 746 -44354.2 -44354.2
 121 44351.9 -44351.9
 1125 43642.6 -43642.6
 500 -43640.3 -43640.3
 1121 -43245.6 -43245.6
 496 43243.3 -43243.3
 1042 43185.1 -43185.1
 417 -43182.9 -43182.9
 1182 -43178.2 -43178.2
 557 43176 -43176
 897 -42953.6 -42953.6
 272 42951.3 -42951.3
 876 -42093.4 -42093.4
 251 42091.2 -42091.2
 1188 -40414.6 -40414.6
 563 40412.4 -40412.4
 1239 39672.7 -39672.7
 614 -39670.6 -39670.6
 1234 38812.2 -38812.2
 609 -38810.2 -38810.2
 882 -38159.5 -38159.5
 257 38157.5 -38157.5
 864 -37849.8 -37849.8
 239 37847.9 -37847.9
 825 -37532.3 -37532.3
 200 37530.3 -37530.3
 821 37190.5 -37190.5
 196 -37188.6 -37188.6
 859 -37030.5 -37030.5
 234 37028.6 -37028.6
 1014 36852.2 -36852.2
 389 -36850.3 -36850.3
 831 -36768.6 -36768.6
 206 36766.7 -36766.7
 749 -36237 -36237
 124 36235.1 -36235.1
 1009 36054.3 -36054.3
 384 -36052.4 -36052.4
 736 35997.7 -35997.7
 111 -35995.8 -35995.8
 888 -35716.4 -35716.4
 263 35714.6 -35714.6
 1177 -35648.7 -35648.7
 552 35646.8 -35646.8
 698 -35600.6 -35600.6
 73 35598.7 -35598.7
 1245 -35488.5 -35488.5
 620 35486.7 -35486.7
 1193 -35426.2 -35426.2
 568 35424.4 -35424.4
 1124 -35331.4 -35331.4
 499 35329.6 -35329.6
 998 35151 -35151
 373 -35149.1 -35149.1
 1111 35098.3 -35098.3
 486 -35096.4 -35096.4
 1241 34936.9 -34936.9
 616 -34935.1 -34935.1
 1244 -34903.6 -34903.6
 619 34901.8 -34901.8
 1230 34883.6 -34883.6
 605 -34881.8 -34881.8
 747 -34362.9 -34362.9
 122 34361.1 -34361.1
 870 33859.3 -33859.3
 245 -33857.6 -33857.6
 726 -33675.1 -33675.1
 101 33673.4 -33673.4
 1122 -33504 -33504
 497 33502.2 -33502.2
 866 -33330.8 -33330.8
 241 33329.1 -33329.1
 869 33301.6 -33301.6
 244 -33299.8 -33299.8
 855 -33281.3 -33281.3
 230 33279.6 -33279.6
 692 33126.4 -33126.4
 67 -33124.6 -33124.6
 1020 -32966.6 -32966.6
 395 32964.8 -32964.8
 1101 -32832.8 -32832.8
 476 32831.1 -32831.1
 992 -32707.9 -32707.9
 367 32706.2 -32706.2
 1016 32452.3 -32452.3
 391 -32450.6 -32450.6
 1019 -32423.6 -32423.6
 394 32421.9 -32421.9
 1005 32403.9 -32403.9
 380 -32402.2 -32402.2
 1131 -32327.4 -32327.4
 506 32325.7 -32325.7
 673 -32206.8 -32206.8
 48 32205.1 -32205.1
 877 -31504.4 -31504.4
 252 31502.8 -31502.8
 893 -31308 -31308
 268 31306.3 -31306.3
 850 30856.3 -30856.3
 225 -30854.7 -30854.7
 846 -30575.5 -30575.5
 221 30573.9 -30573.9
 732 -30527.3 -30527.3
 107 30525.7 -30525.7
 824 30384.6 -30384.6
 199 -30383 -30383
 811 -30184.2 -30184.2
 186 30182.6 -30182.6
 667 29967.7 -29967.7
 42 -29966.2 -29966.2
 1035 29783.3 -29783.3
 410 -29781.8 -29781.8
 1107 -29765 -29765
 482 29763.4 -29763.4
 1189 28931.8 -28931.8
 564 -28930.2 -28930.2
 822 28813.6 -28813.6
 197 -28812.1 -28812.1
 1028 -28607.4 -28607.4
 403 28605.9 -28605.9
 738 -28572.9 -28572.9
 113 28571.4 -28571.4
 1184 28304.7 -28304.7
 559 -28303.2 -28303.2
 801 28236.4 -28236.4
 176 -28234.9 -28234.9
 781 27913.6 -27913.6
 156 -27912.1 -27912.1
 1113 -27858.9 -27858.9
 488 27857.5 -27857.5
 1150 27131.1 -27131.1
 525 -27129.6 -27129.6
 1146 -26883.4 -26883.4
 521 26882 -26882
 956 25896.5 -25896.5
 331 -25895.1 -25895.1
 1195 -25880.5 -25880.5
 570 25879.2 -25879.2
 807 25597.4 -25597.4
 182 -25596 -25596
 889 25568.8 -25568.8
 264 -25567.4 -25567.4
 1191 25477.8 -25477.8
 566 -25476.4 -25476.4
 1194 -25454.4 -25454.4
 569 25453.1 -25453.1
 1180 25439.1 -25439.1
 555 -25437.8 -25437.8
 727 -25203.7 -25203.7
 102 25202.4 -25202.4
 743 -25046.2 -25046.2
 118 25044.8 -25044.8
 884 25014.5 -25014.5
 259 -25013.2 -25013.2
 849 -24980 -24980
 224 24978.7 -24978.7
 836 24815.4 -24815.4
 211 -24814.1 -24814.1
 1102 -24573.4 -24573.4
 477 24572.1 -24572.1
 1118 -24420.3 -24420.3
 493 24419 -24419
 813 23958.6 -23958.6
 188 -23957.4 -23957.4
 847 -23688.3 -23688.3
 222 23687.1 -23687.1
 1248 23519.1 -23519.1
 623 -23517.8 -23517.8
 800 -23425.1 -23425.1
 175 23423.8 -23423.8
 826 -23213.7 -23213.7
 201 23212.5 -23212.5
 796 23211.4 -23211.4
 171 -23210.2 -23210.2
 895 -22872 -22872
 270 22870.8 -22870.8
 685 22846 -22846
 60 -22844.8 -22844.8
 985 -22558.1 -22558.1
 360 22556.9 -22556.9
 891 22515.8 -22515.8
 266 -22514.6 -22514.6
 894 -22496.1 -22496.1
 269 22494.9 -22494.9
 880 22481.5 -22481.5
 255 -22480.4 -22480.4
 873 -22438.7 -22438.7
 248 22437.5 -22437.5
 1149 -21963.3 -21963.3
 524 21962.2 -21962.2
 678 -21944.2 -21944.2
 53 21943 -21943
 1242 -21884.4 -21884.4
 617 21883.2 -21883.2
 1023 21847 -21847
 398 -21845.8 -21845.8
 1136 21817.7 -21817.7
 511 -21816.6 -21816.6
 975 -21732.2 -21732.2
 350 21731.1 -21731.1
 978 21667.6 -21667.6
 353 -21666.5 -21666.5
 971 21534.4 -21534.4
 346 -21533.3 -21533.3
 802 21132.8 -21132.8
 177 -21131.7 -21131.7
 832 -21044.6 -21044.6
 207 21043.5 -21043.5
 818 21001.4 -21001.4
 193 -21000.3 -21000.3
 867 20879.5 -20879.5
 242 -20878.4 -20878.4
 1147 -20826.9 -20826.9
 522 20825.8 -20825.8
 660 20668.8 -20668.8
 35 -20667.7 -20667.7
 1156 20650.8 -20650.8
 531 -20649.7 -20649.7
 739 20455 -20455
 114 -20453.9 -20453.9
 1126 -20410.7 -20410.7
 501 20409.7 -20409.7
 1017 -20329 -20329
 392 20328 -20328
 631 20036.1 -20036.1
 6 -20035.1 -20035.1
 734 20011.3 -20011.3
 109 -20010.3 -20010.3
 1114 19943.9 -19943.9
 489 -19942.8 -19942.8
 653 -19852.6 -19852.6
 28 19851.6 -19851.6
 838 -19696.9 -19696.9
 213 19695.9 -19695.9
 1109 19511.5 -19511.5
 484 -19510.5 -19510.5
 1037 -19143.6 -19143.6
 412 19142.6 -19142.6
 799 18963.7 -18963.7
 174 -18962.7 -18962.7
 786 -18839 -18839
 161 18838 -18838
 1132 -18502.3 -18502.3
 507 18501.3 -18501.3
 745 -18297.6 -18297.6
 120 18296.7 -18296.7
 741 18012.8 -18012.8
 116 -18011.9 -18011.9
 744 -17996.4 -17996.4
 119 17995.5 -17995.5
 730 17985.6 -17985.6
 105 -17984.6 -17984.6
 797 17983.7 -17983.7
 172 -17982.8 -17982.8
 1120 -17840.4 -17840.4
 495 17839.5 -17839.5
 931 -17685 -17685
 306 17684.1 -17684.1
 776 17623.3 -17623.3
 151 -17622.4 -17622.4
 974 17593.6 -17593.6
 349 -17592.6 -17592.6
 1116 17562.2 -17562.2
 491 -17561.3 -17561.3
 1119 -17547.4 -17547.4
 494 17546.4 -17546.4
 1105 17535.7 -17535.7
 480 -17534.8 -17534.8
 961 -17477.6 -17477.6
 336 17476.6 -17476.6
 827 -17373.8 -17373.8
 202 17372.9 -17372.9
 1175 -17328.7 -17328.7
 550 17327.8 -17327.8
 1138 -17317.9 -17317.9
 513 17317 -17317
 843 -17265.8 -17265.8
 218 17264.9 -17264.9
 1171 17171.5 -17171.5
 546 -17170.6 -17170.6
 1198 17151.6 -17151.6
 814 -17151.2 -17151.2
 573 -17150.7 -17150.7
 189 17150.3 -17150.3
 650 -16813.2 -16813.2
 25 16812.4 -16812.4
 809 -16779.8 -16779.8
 184 16778.9 -16778.9
 972 16684.1 -16684.1
 347 -16683.2 -16683.2
 646 16660.9 -16660.9
 21 -16660.1 -16660.1
 951 16350 -16350
 326 -16349.1 -16349.1
 782 15976.2 -15976.2
 157 -15975.4 -15975.4
 1192 -15959.6 -15959.6
 567 15958.8 -15958.8
 820 15342.8 -15342.8
 195 -15342 -15342
 1127 -15276.7 -15276.7
 502 15275.9 -15275.9
 1143 -15179.9 -15179.9
 518 15179.2 -15179.2
 898 15158.2 -15158.2
 273 -15157.4 -15157.4
 816 -15103.3 -15103.3
 191 15102.6 -15102.6
 1235 -15094.2 -15094.2
 610 15093.4 -15093.4
 819 15090.3 -15090.3
 194 -15089.5 -15089.5
 805 -15080.8 -15080.8
 180 15080 -15080
 756 -14994.8 -14994.8
 131 14994 -14994
 788 14953.3 -14953.3
 163 -14952.5 -14952.5
 950 14841.8 -14841.8
 325 -14841 -14841
 957 14821.6 -14821.6
 332 -14820.9 -14820.9
 946 -14706.7 -14706.7
 321 14706 -14706
 687 -14683.2 -14683.2
 62 14682.5 -14682.5
 706 14602.6 -14602.6
 81 -14601.8 -14601.8
 987 14498.6 -14498.6
 1228 14498.2 -14498.2
 362 -14497.9 -14497.9
 603 -14497.4 -14497.4
 860 14400 -14400
 235 -14399.2 -14399.2
 892 -14104.6 -14104.6
 267 14103.8 -14103.8
 839 14100.6 -14100.6
 214 -14099.9 -14099.9
 1174 14029.4 -14029.4
 549 -14028.7 -14028.7
 1010 -14020.5 -14020.5
 385 14019.8 -14019.8
 1161 -13937.4 -13937.4
 536 13936.7 -13936.7
 963 13872.8 -13872.8
 338 -13872.1 -13872.1
 1040 13841.5 -13841.5
 415 -13840.7 -13840.7
 853 -13831.6 -13831.6
 228 13830.9 -13830.9
 834 13795.1 -13795.1
 209 -13794.4 -13794.4
 649 13612.1 -13612.1
 24 -13611.4 -13611.4
 636 -13522.7 -13522.7
 11 13522 -13522
 1003 13467.1 -13467.1
 378 -13466.4 -13466.4
 1033 -13462.5 -13462.5
 408 13461.8 -13461.8
 1172 13304.7 -13304.7
 547 -13304 -13304
 662 -13285.9 -13285.9
 37 13285.2 -13285.2
 1081 -13234.1 -13234.1
 456 13233.5 -13233.5
 777 13189.3 -13189.3
 152 -13188.6 -13188.6
 793 13107.6 -13107.6
 168 -13106.9 -13106.9
 1151 13037.1 -13037.1
 526 -13036.5 -13036.5
 647 12908.3 -12908.3
 22 -12907.6 -12907.6
 626 12648.9 -12648.9
 1 -12648.3 -12648.3
 845 -12613.7 -12613.7
 220 12613 -12613
 775 12582.8 -12582.8
 150 -12582.1 -12582.1
 771 -12468.4 -12468.4
 146 12467.7 -12467.7
 841 12416.8 -12416.8
 216 -12416.2 -12416.2
 844 -12406.4 -12406.4
 219 12405.7 -12405.7
 830 12398.3 -12398.3
 1139 12397.9 -12397.9
 205 -12397.7 -12397.7
 514 -12397.3 -12397.3
 725 -12254.3 -12254.3
 100 12253.7 -12253.7
 952 12236.5 -12236.5
 327 -12235.9 -12235.9
 968 12160.6 -12160.6
 343 -12159.9 -12159.9
 721 12142.8 -12142.8
 96 -12142.2 -12142.2
 1134 12128.5 -12128.5
 509 -12127.9 -12127.9
 748 12126.7 -12126.7
 123 -12126 -12126
 949 -12015.2 -12015.2
 324 12014.6 -12014.6
 936 11935.8 -11935.8
 311 -11935.2 -11935.2
 1123 11823.8 -11823.8
 498 -11823.1 -11823.1
 1157 11819.5 -11819.5
 532 -11818.9 -11818.9
 632 11468.4 -11468.4
 7 -11467.8 -11467.8
 947 -11393.5 -11393.5
 322 11392.9 -11392.9
 742 -11283.4 -11283.4
 117 11282.8 -11282.8
 926 -11165.5 -11165.5
 301 11164.9 -11164.9
 1100 11109.3 -11109.3
 475 -11108.7 -11108.7
 1145 -11090.1 -11090.1
 520 11089.5 -11089.5
 1163 11062.7 -11062.7
 538 -11062.1 -11062.1
 1185 -11007.3 -11007.3
 1096 -11007.1 -11007.1
 560 11006.7 -11006.7
 471 11006.5 -11006.5
 1117 -11001.7 -11001.7
 492 11001.1 -11001.1
 1141 10918.3 -10918.3
 516 -10917.7 -10917.7
 1144 -10907.4 -10907.4
 519 10906.8 -10906.8
 1130 10901.1 -10901.1
 505 -10900.6 -10900.6
 638 10733.4 -10733.4
 13 -10732.9 -10732.9
 789 -10704.4 -10704.4
 164 10703.8 -10703.8
 690 10617.8 -10617.8
 65 -10617.2 -10617.2
 1178 10572.6 -10572.6
 553 -10572.1 -10572.1
 990 -10483.5 -10483.5
 365 10482.9 -10482.9
 784 -10472.8 -10472.8
 159 10472.3 -10472.3
 683 -10326.9 -10326.9
 58 10326.4 -10326.4
 983 10196.2 -10196.2
 358 -10195.7 -10195.7
 774 -10186.9 -10186.9
 149 10186.3 -10186.3
 823 -10167.9 -10167.9
 198 10167.3 -10167.3
 932 -10122.1 -10122.1
 307 10121.6 -10121.6
 761 10120.1 -10120.1
 136 -10119.5 -10119.5
 964 -9930.95 -9930.95
 339 9930.42 -9930.42
 724 9920.66 -9920.66
 99 -9920.14 -9920.14
 711 -9855.28 -9855.28
 86 9854.77 -9854.77
 1152 9756.78 -9756.78
 527 -9756.27 -9756.27
 885 -9727.12 -9727.12
 260 9726.61 -9726.61
 959 -9715.99 -9715.99
 334 9715.48 -9715.48
 1237 9702.29 -9702.29
 612 -9701.78 -9701.78
 1168 9697.64 -9697.64
 543 -9697.14 -9697.14
 772 -9660.61 -9660.61
 147 9660.1 -9660.1
 665 9604.62 -9604.62
 40 -9604.12 -9604.12
 795 9576.14 -9576.14
 170 -9575.63 -9575.63
 938 -9473.87 -9473.87
 313 9473.37 -9473.37
 627 9466.67 -9466.67
 751 -9466.56 -9466.56
 2 -9466.17 -9466.17
 126 9466.06 -9466.06
 817 9461.25 -9461.25
 192 -9460.75 -9460.75
 791 -9426.33 -9426.33
 166 9425.83 -9425.83
 794 9418.31 -9418.31
 169 -9417.81 -9417.81
 780 -9412.56 -9412.56
 155 9412.06 -9412.06
 643 9408.75 -9408.75
 18 -9408.25 -9408.25
 722 9407.9 -9407.9
 97 -9407.41 -9407.41
 878 9343.05 -9343.05
 253 -9342.56 -9342.56
 658 -9341.71 -9341.71
 33 9341.22 -9341.22
 862 -9254.63 -9254.63
 237 9254.14 -9254.14
 701 9219.35 -9219.35
 76 -9218.86 -9218.86
 1012 9010.68 -9010.68
 387 -9010.21 -9010.21
 1099 -8992.02 -8992.02
 474 8991.55 -8991.55
 1086 8931.4 -8931.4
 461 -8930.93 -8930.93
 970 8883.92 -8883.92
 345 -8883.45 -8883.45
 966 -8745.33 -8745.33
 341 8744.87 -8744.87
 969 8737.64 -8737.64
 344 -8737.18 -8737.18
 955 -8732.35 -8732.35
 330 8731.89 -8731.89
 757 -8582.3 -8582.3
 132 8581.85 -8581.85
 1097 -8525.84 -8525.84
 472 8525.39 -8525.39
 848 8359.6 -8359.6
 223 -8359.16 -8359.16
 707 8357.43 -8357.43
 1076 -8357.11 -8357.11
 82 -8356.99 -8356.99
 927 -8356.86 -8356.86
 451 8356.67 -8356.67
 302 8356.42 -8356.42
 943 -8304.43 -8304.43
 318 8303.99 -8303.99
 763 -8032.7 -8032.7
 138 8032.28 -8032.28
 1164 -7918.98 -7918.98
 539 7918.57 -7918.57
 713 7822.59 -7822.59
 88 -7822.18 -7822.18
 735 -7782.06 -7782.06
 110 7781.66 -7781.66
 842 -7778.35 -7778.35
 217 7777.94 -7777.94
 1159 -7748.22 -7748.22
 534 7747.81 -7747.81
 639 -7683.74 -7683.74
 14 7683.34 -7683.34
 1110 -7586.89 -7586.89
 485 7586.49 -7586.49
 1082 -7573.51 -7573.51
 457 7573.12 -7573.12
 634 -7517.64 -7517.64
 9 7517.25 -7517.25
 728 7474.85 -7474.85
 103 -7474.46 -7474.46
 1148 7350.05 -7350.05
 523 -7349.66 -7349.66
 1103 7287.36 -7287.36
 478 -7286.98 -7286.98
 1088 -7089.58 -7089.58
 463 7089.21 -7089.21
 752 -7084.56 -7084.56
 1170 7084.39 -7084.39
 127 7084.18 -7084.18
 545 -7084.02 -7084.02
 1187 7074.81 -7074.81
 562 -7074.43 -7074.43
 768 -7041.42 -7041.42
 143 7041.05 -7041.05
 1240 -7013.7 -7013.7
 615 7013.33 -7013.33
 1166 -6972.82 -6972.82
 541 6972.45 -6972.45
 1169 6968.12 -6968.12
 544 -6967.76 -6967.76
 1155 -6963.01 -6963.01
 530 6962.64 -6962.64
 702 6899.86 -6899.86
 77 -6899.5 -6899.5
 645 6873.56 -6873.56
 20 -6873.2 -6873.2
 718 6857.2 -6857.2
 93 -6856.84 -6856.84
 1142 -6838.86 -6838.86
 517 6838.5 -6838.5
 1233 6821.66 -6821.66
 608 -6821.3 -6821.3
 939 6782.49 -6782.49
 314 -6782.14 -6782.14
 641 -6765.5 -6765.5
 16 6765.15 -6765.15
 644 6761.32 -6761.32
 19 -6760.96 -6760.96
 630 -6755.62 -6755.62
 5 6755.27 -6755.27
 865 6692.56 -6692.56
 240 -6692.21 -6692.21
 934 6635.14 -6635.14
 309 -6634.79 -6634.79
 810 6524.97 -6524.97
 185 -6524.63 -6524.63
 1015 -6515.97 -6515.97
 390 6515.63 -6515.63
 858 -6509.11 -6509.11
 233 6508.77 -6508.77
 798 -6345.97 -6345.97
 173 6345.64 -6345.64
 1008 6337.36 -6337.36
 383 -6337.02 -6337.02
 803 -6267.37 -6267.37
 178 6267.04 -6267.04
 1077 -6255.93 -6255.93
 452 6255.6 -6255.6
 887 6252.15 -6252.15
 262 -6251.82 -6251.82
 1093 -6214.06 -6214.06
 468 6213.73 -6213.73
 945 -6066.94 -6066.94
 320 6066.62 -6066.62
 941 5972.55 -5972.55
 316 -5972.24 -5972.24
 944 -5967.28 -5967.28
 319 5966.96 -5966.96
 930 5963.4 -5963.4
 305 -5963.09 -5963.09
 792 5904.95 -5904.95
 167 -5904.64 -5904.64
 973 -5887.39 -5887.39
 348 5887.08 -5887.08
 764 5749.99 -5749.99
 139 -5749.69 -5749.69
 759 5626.04 -5626.04
 134 -5625.74 -5625.74
 714 -5599.84 -5599.84
 89 5599.55 -5599.55
 709 -5478.69 -5478.69
 84 5478.4 -5478.4
 967 5478.23 -5478.23
 342 -5477.95 -5477.95
 835 -5364.18 -5364.18
 210 5363.9 -5363.9
 828 5152.43 -5152.43
 203 -5152.16 -5152.16
 770 -5144.08 -5144.08
 145 5143.81 -5143.81
 1190 -5115.15 -5115.15
 565 5114.88 -5114.88
 1089 5076.11 -5076.11
 464 -5075.84 -5075.84
 766 5063.22 -5063.22
 141 -5062.95 -5062.95
 769 -5059.56 -5059.56
 144 5059.3 -5059.3
 755 5056.09 -5056.09
 130 -5055.82 -5055.82
 720 5009.42 -5009.42
 95 -5009.16 -5009.16
 737 5002.3 -5002.3
 112 -5002.04 -5002.04
 1183 4975 -4975
 558 -4974.74 -4974.74
 1084 4964.58 -4964.58
 459 -4964.32 -4964.32
 716 -4931.21 -4931.21
 91 4930.95 -4930.95
 719 4926.83 -4926.83
 94 -4926.57 -4926.57
 705 -4924.05 -4924.05
 80 4923.79 -4923.79
 1112 4876.63 -4876.63
 487 -4876.37 -4876.37
 1135 -4717 -4717
 510 4716.75 -4716.75
 1173 -4694.62 -4694.62
 548 4694.37 -4694.37
 648 -4555.49 -4555.49
 23 4555.26 -4555.26
 1095 -4539.8 -4539.8
 470 4539.56 -4539.56
 1128 4530.53 -4530.53
 503 -4530.3 -4530.3
 890 -4520.71 -4520.71
 265 4520.48 -4520.48
 1091 4471.41 -4471.41
 466 -4471.18 -4471.18
 1094 -4464.18 -4464.18
 469 4463.95 -4463.95
 1080 4463.32 -4463.32
 455 -4463.09 -4463.09
 883 4396.95 -4396.95
 258 -4396.72 -4396.72
 1167 4368.71 -4368.71
 542 -4368.48 -4368.48
 642 4238.89 -4238.89
 17 -4238.67 -4238.67
 812 -4193.68 -4193.68
 187 4193.46 -4193.46
 785 4072.44 -4072.44
 160 -4072.23 -4072.23
 948 4021.13 -4021.13
 323 -4020.92 -4020.92
 778 -3911.72 -3911.72
 153 3911.52 -3911.52
 1029 -3889.06 -3889.06
 404 3888.86 -3888.86
 960 3778.31 -3778.31
 335 -3778.12 -3778.12
 942 -3741.31 -3741.31
 317 3741.12 -3741.12
 953 -3629.15 -3629.15
 328 3628.96 -3628.96
 740 -3616.45 -3616.45
 115 3616.26 -3616.26
 1115 -3526.32 -3526.32
 490 3526.14 -3526.14
 733 3517.39 -3517.39
 108 -3517.21 -3517.21
 837 3447.9 -3447.9
 212 -3447.72 -3447.72
 906 3432.2 -3432.2
 281 -3432.02 -3432.02
 1108 3429.85 -3429.85
 483 -3429.67 -3429.67
 773 3408.8 -3408.8
 148 -3408.62 -3408.62
 723 -3319.69 -3319.69
 98 3319.52 -3319.52
 767 -3172.06 -3172.06
 142 3171.89 -3171.89
 717 3089.02 -3089.02
 92 -3088.86 -3088.86
 1137 3033.03 -3033.03
 512 -3032.87 -3032.87
 815 3032.66 -3032.66
 190 -3032.5 -3032.5
 1160 3012.25 -3012.25
 535 -3012.1 -3012.1
 1098 3009.07 -3009.07
 473 -3008.91 -3008.91
 679 -2982.71 -2982.71
 54 2982.55 -2982.55
 808 -2949.55 -2949.55
 183 2949.39 -2949.39
 979 2945.29 -2945.29
 354 -2945.14 -2945.14
 635 2922.22 -2922.22
 10 -2922.07 -2922.07
 1153 -2893.54 -2893.54
 528 2893.39 -2893.39
 925 -2881.03 -2881.03
 300 2880.88 -2880.88
 921 2854.7 -2854.7
 296 -2854.55 -2854.55
 628 -2806.95 -2806.95
 3 2806.8 -2806.8
 1092 -2799.55 -2799.55
 467 2799.4 -2799.4
 654 -2699.67 -2699.67
 29 2699.53 -2699.53
 787 -2617.42 -2617.42
 162 2617.28 -2617.28
 935 -2580.14 -2580.14
 310 2580.01 -2580.01
 840 -2493.28 -2493.28
 215 2493.15 -2493.15
 928 2478.29 -2478.29
 303 -2478.16 -2478.16
 962 -2428.27 -2428.27
 337 2428.14 -2428.14
 833 2424.99 -2424.99
 208 -2424.86 -2424.86
 924 2332.03 -2332.03
 299 -2331.91 -2331.91
 911 -2316.39 -2316.39
 286 2316.27 -2316.27
 922 2211.06 -2211.06
 297 -2210.94 -2210.94
 1140 -2191.56 -2191.56
 515 2191.45 -2191.45
 760 -2187.34 -2187.34
 135 2187.23 -2187.23
 901 2167.39 -2167.39
 276 -2167.28 -2167.28
 1133 2131.73 -2131.73
 508 -2131.62 -2131.62
 710 2130.58 -2130.58
 85 -2130.46 -2130.46
 753 2101.05 -2101.05
 128 -2100.94 -2100.94
 703 -2046.49 -2046.49
 78 2046.38 -2046.38
 1229 1971.75 -1971.75
 604 -1971.65 -1971.65
 907 1964.4 -1964.4
 282 -1964.29 -1964.29
 1162 -1934.83 -1934.83
 537 1934.73 -1934.73
 1085 -1932.36 -1932.36
 460 1932.26 -1932.26
 790 1892.86 -1892.86
 165 -1892.76 -1892.76
 854 -1879.62 -1879.62
 229 1879.52 -1879.52
 637 -1877.8 -1877.8
 12 1877.7 -1877.7
 1078 1855.79 -1855.79
 453 -1855.69 -1855.69
 783 -1840.94 -1840.94
 158 1840.85 -1840.85
 913 1838.64 -1838.64
 288 -1838.54 -1838.54
 1004 1830.28 -1830.28
 379 -1830.18 -1830.18
 965 1756.01 -1756.01
 340 -1755.92 -1755.92
 958 -1707.8 -1707.8
 333 1707.71 -1707.71
 937 1658.73 -1658.73
 312 -1658.64 -1658.64
 902 1622.41 -1622.41
 277 -1622.33 -1622.33
 918 1611.51 -1611.51
 293 -1611.43 -1611.43
 1179 1437.5 -1437.5
 554 -1437.42 -1437.42
 762 1405.34 -1405.34
 137 -1405.26 -1405.26
 1165 1400.72 -1400.72
 540 -1400.64 -1400.64
 712 -1369.09 -1369.09
 87 1369.02 -1369.02
 1158 -1362.22 -1362.22
 533 1362.15 -1362.15
 640 1359.06 -1359.06
 15 -1358.99 -1358.99
 633 -1321.86 -1321.86
 8 1321.79 -1321.79
 914 -1316.54 -1316.54
 289 1316.47 -1316.47
 909 -1287.53 -1287.53
 284 1287.46 -1287.46
 879 1270.18 -1270.18
 254 -1270.12 -1270.12
 1087 1243.75 -1243.75
 462 -1243.68 -1243.68
 1206 1232.92 -1232.92
 581 -1232.86 -1232.86
 940 -1199.13 -1199.13
 315 1199.07 -1199.07
 920 1177.39 -1177.39
 295 -1177.33 -1177.33
 933 1166.33 -1166.33
 308 -1166.27 -1166.27
 916 -1159.63 -1159.63
 291 1159.57 -1159.57
 919 1157.93 -1157.93
 294 -1157.87 -1157.87
 905 -1157.55 -1157.55
 280 1157.49 -1157.49
 1225 -1032.5 -1032.5
 600 1032.45 -1032.45
 1221 1023.75 -1023.75
 596 -1023.7 -1023.7
 765 -1017.03 -1017.03
 140 1016.97 -1016.97
 729 1016.3 -1016.3
 104 -1016.25 -1016.25
 1104 990.558 -990.558
 479 -990.506 -990.506
 715 990.173 -990.173
 90 -990.121 -990.121
 758 989.066 -989.066
 133 -989.014 -989.014
 708 -962.955 -962.955
 83 962.905 -962.905
 1090 -896.265 -896.265
 465 896.218 -896.218
 1083 871.956 -871.956
 458 -871.91 -871.91
 804 -851.739 -851.739
 179 851.694 -851.694
 1224 836.975 -836.975
 599 -836.931 -836.931
 1211 -832.432 -832.432
 586 832.389 -832.389
 1222 794.594 -794.594
 597 -794.553 -794.553
 923 -780.575 -780.575
 298 780.534 -780.534
 1201 776.996 -776.996
 576 -776.955 -776.955
 917 726.021 -726.021
 292 -725.983 -725.983
 1207 706.589 -706.589
 582 -706.552 -706.552
 829 700.182 -700.182
 204 -700.145 -700.145
 1213 660.457 -660.457
 588 -660.422 -660.422
 1129 616.601 -616.601
 504 -616.568 -616.568
 1202 580.664 -580.664
 577 -580.633 -580.633
 1218 579.246 -579.246
 593 -579.215 -579.215
 779 -531.387 -531.387
 154 531.359 -531.359
 910 501.059 -501.059
 285 -501.032 -501.032
 954 -493.115 -493.115
 329 493.089 -493.089
 903 -481.227 -481.227
 278 481.202 -481.202
 1214 -472.194 -472.194
 589 472.169 -472.169
 1209 -463.163 -463.163
 584 463.139 -463.139
 1220 423.257 -423.257
 595 -423.234 -423.234
 1219 417.048 -417.048
 594 -417.026 -417.026
 1205 -415.086 -415.086
 580 415.065 -415.065
 1216 -414.761 -414.761
 591 414.739 -414.739
 1154 -392.52 -392.52
 529 392.499 -392.499
 629 -380.951 -380.951
 4 380.931 -380.931
 929 337.021 -337.021
 304 -337.004 -337.004
 912 -322.644 -322.644
 287 322.627 -322.627
 754 285.078 -285.078
 129 -285.063 -285.063
 1223 -280.197 -280.197
 598 280.182 -280.182
 704 -278.064 -278.064
 79 278.049 -278.049
 1217 261.064 -261.064
 592 -261.05 -261.05
 1079 253.874 -253.874
 454 -253.86 -253.86
 915 232.534 -232.534
 290 -232.522 -232.522
 908 -226.174 -226.174
 283 226.162 -226.162
 1210 178.551 -178.551
 585 -178.542 -178.542
 1203 -171.713 -171.713
 578 171.704 -171.704
 1056 -123.988 -123.988
 431 123.981 -123.981
 1212 -113.58 -113.58
 587 113.574 -113.574
 1075 105.732 -105.732
 450 -105.727 -105.727
 1071 -104.215 -104.215
 446 104.21 -104.21
 1074 -84.6075 -84.6075
 449 84.6031 -84.6031
 1215 84.4468 -84.4468
 590 -84.4424 -84.4424
 1061 83.3173 -83.3173
 436 -83.3129 -83.3129
 1208 -82.0469 -82.0469
 583 82.0426 -82.0426
 1072 -79.6448 -79.6448
 447 79.6406 -79.6406
 1051 -79.544 -79.544
 426 79.5399 -79.5399
 1057 -69.7229 -69.7229
 432 69.7191 -69.7191
 1063 -66.3969 -66.3969
 438 66.3934 -66.3934
 904 -65.7559 -65.7559
 279 65.7524 -65.7524
 1052 -60.1452 -60.1452
 427 60.1421 -60.1421
 1068 -58.0766 -58.0766
 443 58.0735 -58.0735
 1064 47.8637 -47.8637
 439 -47.8612 -47.8612
 1059 45.9498 -45.9498
 434 -45.9474 -45.9474
 1066 43.211 -43.211
 441 -43.2088 -43.2088
 1055 42.4681 -42.4681
 430 -42.4659 -42.4659
 1070 -42.1216 -42.1216
 445 42.1194 -42.1194
 1069 -40.5258 -40.5258
 444 40.5236 -40.5236
 1073 27.9196 -27.9196
 448 -27.9181 -27.9181
 1067 -25.8073 -25.8073
 442 25.8059 -25.8059
 1204 -22.1239 -22.1239
 579 22.1227 -22.1227
 1060 -19.519 -19.519
 435 19.5181 -19.5181
 1053 18.6034 -18.6034
 428 -18.6025 -18.6025
 1062 13.286 -13.286
 437 -13.2854 -13.2854
 1065 -7.58215 -7.58215
 440 7.58171 -7.58171
 1058 7.29527 -7.29527
 433 -7.29484 -7.29484
 1054 3.57836 -3.57836
 429 -3.57824 -3.57824
 1876 0 -0
 1877 0 -0
 1878 0 -0
 1879 0 -0
 1880 0 -0
 1881 0 -0
 1882 0 -0
 1883 0 -0
 1884 0 -0
 1885 0 -0
 1886 0 -0
 1887 0 -0
 1888 0 -0
 1889 0 -0
 1890 0 -0
 1891 0 -0
 1892 0 -0
 1893 0 -0
 1894 0 -0
 1895 0 -0
 1896 0 -0
 1897 0 -0
 1898 0 -0
 1899 0 -0
 1900 0 -0
 1901 0 -0
 1902 0 -0
 1903 0 -0
 1904 0 -0
 1905 0 -0
 1906 0 -0
 1907 0 -0
 1908 0 -0
 1909 0 -0
 1910 0 -0
 1911 0 -0
 1912 0 -0
 1913 0 -0
 1914 0 -0
 1915 0 -0
 1916 0 -0
 1917 0 -0
 1918 0 -0
 1919 0 -0
 1920 0 -0
 1921 0 -0
 1922 0 -0
 1923 0 -0
 1924 0 -0
 1925 0 -0
 1926 0 -0
 1927 0 -0
 1928 0 -0
 1929 0 -0
 1930 0 -0
 1931 0 -0
 1932 0 -0
 1933 0 -0
 1934 0 -0
 1935 0 -0
 1936 0 -0
 1937 0 -0
 1938 0 -0
 1939 0 -0
 1940 0 -0
 1941 0 -0
 1942 0 -0
 1943 0 -0
 1944 0 -0
 1945 0 -0
 1946 0 -0
 1947 0 -0
 1948 0 -0
 1949 0 -0
 1950 0 -0
 1951 0 -0
 1952 0 -0
 1953 0 -0
 1954 0 -0
 1955 0 -0
 1956 0 -0
 1957 0 -0
 1958 0 -0
 1959 0 -0
 1960 0 -0
 1961 0 -0
 1962 0 -0
 1963 0 -0
 1964 0 -0
 1965 0 -0
 1966 0 -0
 1967 0 -0
 1968 0 -0
 1969 0 -0
 1970 0 -0
 1971 0 -0
 1972 0 -0
 1973 0 -0
 1974 0 -0
 1975 0 -0
 1976 0 -0
 1977 0 -0
 1978 0 -0
 1979 0 -0
 1980 0 -0
 1981 0 -0
 1982 0 -0
 1983 0 -0
 1984 0 -0
 1985 0 -0
 1986 0 -0
 1987 0 -0
 1988 0 -0
 1989 0 -0
 1990 0 -0
 1991 0 -0
 1992 0 -0
 1993 0 -0
 1994 0 -0
 1995 0 -0
 1996 0 -0
 1997 0 -0
 1998 0 -0
 1999 0 -0
 2000 0 -0
 2001 0 -0
 2002 0 -0
 2003 0 -0
 2004 0 -0
 2005 0 -0
 2006 0 -0
 2007 0 -0
 2008 0 -0
 2009 0 -0
 2010 0 -0
 2011 0 -0
 2012 0 -0
 2013 0 -0
 2014 0 -0
 2015 0 -0
 2016 0 -0
 2017 0 -0
 2018 0 -0
 2019 0 -0
 2020 0 -0
 2021 0 -0
 2022 0 -0
 2023 0 -0
 2024 0 -0
 2025 0 -0
 2026 0 -0
 2027 0 -0
 2028 0 -0
 2029 0 -0
 2030 0 -0
 2031 0 -0
 2032 0 -0
 2033 0 -0
 2034 0 -0
 2035 0 -0
 2036 0 -0
 2037 0 -0
 2038 0 -0
 2039 0 -0
 2040 0 -0
 2041 0 -0
 2042 0 -0
 2043 0 -0
 2044 0 -0
 2045 0 -0
 2046 0 -0
 2047 0 -0
 2048 0 -0
 2049 0 -0
 2050 0 -0
 2051 0 -0
 2052 0 -0
 2053 0 -0
 2054 0 -0
 2055 0 -0
 2056 0 -0
 2057 0 -0
 2058 0 -0
 2059 0 -0
 2060 0 -0
 2061 0 -0
 2062 0 -0
 2063 0 -0
 2064 0 -0
 2065 0 -0
 2066 0 -0
 2067 0 -0
 2068 0 -0
 2069 0 -0
 2070 0 -0
 2071 0 -0
 2072 0 -0
 2073 0 -0
 2074 0 -0
 2075 0 -0
 2076 0 -0
 2077 0 -0
 2078 0 -0
 2079 0 -0
 2080 0 -0
 2081 0 -0
 2082 0 -0
 2083 0 -0
 2084 0 -0
 2085 0 -0
 2086 0 -0
 2087 0 -0
 2088 0 -0
 2089 0 -0
 2090 0 -0
 2091 0 -0
 2092 0 -0
 2093 0 -0
 2094 0 -0
 2095 0 -0
 2096 0 -0
 2097 0 -0
 2098 0 -0
 2099 0 -0
 2100 0 -0
 2101 0 -0
 2102 0 -0
 2103 0 -0
 2104 0 -0
 2105 0 -0
 2106 0 -0
 2107 0 -0
 2108 0 -0
 2109 0 -0
 2110 0 -0
 2111 0 -0
 2112 0 -0
 2113 0 -0
 2114 0 -0
 2115 0 -0
 2116 0 -0
 2117 0 -0
 2118 0 -0
 2119 0 -0
 2120 0 -0
 2121 0 -0
 2122 0 -0
 2123 0 -0
 2124 0 -0
 2125 0 -0
 2126 0 -0
 2127 0 -0
 2128 0 -0
 2129 0 -0
 2130 0 -0
 2131 0 -0
 2132 0 -0
 2133 0 -0
 2134 0 -0
 2135 0 -0
 2136 0 -0
 2137 0 -0
 2138 0 -0
 2139 0 -0
 2140 0 -0
 2141 0 -0
 2142 0 -0
 2143 0 -0
 2144 0 -0
 2145 0 -0
 2146 0 -0
 2147 0 -0
 2148 0 -0
 2149 0 -0
 2150 0 -0
 2151 0 -0
 2152 0 -0
 2153 0 -0
 2154 0 -0
 2155 0 -0
 2156 0 -0
 2157 0 -0
 2158 0 -0
 2159 0 -0
 2160 0 -0
 2161 0 -0
 2162 0 -0
 2163 0 -0
 2164 0 -0
 2165 0 -0
 2166 0 -0
 2167 0 -0
 2168 0 -0
 2169 0 -0
 2170 0 -0
 2171 0 -0
 2172 0 -0
 2173 0 -0
 2174 0 -0
 2175 0 -0
 2176 0 -0
 2177 0 -0
 2178 0 -0
 2179 0 -0
 2180 0 -0
 2181 0 -0
 2182 0 -0
 2183 0 -0
 2184 0 -0
 2185 0 -0
 2186 0 -0
 2187 0 -0
 2188 0 -0
 2189 0 -0
 2190 0 -0
 2191 0 -0
 2192 0 -0
 2193 0 -0
 2194 0 -0
 2195 0 -0
 2196 0 -0
 2197 0 -0
 2198 0 -0
 2199 0 -0
 2200 0 -0
 2201 0 -0
 2202 0 -0
 2203 0 -0
 2204 0 -0
 2205 0 -0
 2206 0 -0
 2207 0 -0
 2208 0 -0
 2209 0 -0
 2210 0 -0
 2211 0 -0
 2212 0 -0
 2213 0 -0
 2214 0 -0
 2215 0 -0
 2216 0 -0
 2217 0 -0
 2218 0 -0
 2219 0 -0
 2220 0 -0
 2221 0 -0
 2222 0 -0
 2223 0 -0
 2224 0 -0
 2225 0 -0
 2226 0 -0
 2227 0 -0
 2228 0 -0
 2229 0 -0
 2230 0 -0
 2231 0 -0
 2232 0 -0
 2233 0 -0
 2234 0 -0
 2235 0 -0
 2236 0 -0
 2237 0 -0
 2238 0 -0
 2239 0 -0
 2240 0 -0
 2241 0 -0
 2242 0 -0
 2243 0 -0
 2244 0 -0
 2245 0 -0
 2246 0 -0
 2247 0 -0
 2248 0 -0
 2249 0 -0
 2250 0 -0
 2251 0 -0
 2252 0 -0
 2253 0 -0
 2254 0 -0
 2255 0 -0
 2256 0 -0
 2257 0 -0
 2258 0 -0
 2259 0 -0
 2260 0 -0
 2261 0 -0
 2262 0 -0
 2263 0 -0
 2264 0 -0
 2265 0 -0
 2266 0 -0
 2267 0 -0
 2268 0 -0
 2269 0 -0
 2270 0 -0
 2271 0 -0
 2272 0 -0
 2273 0 -0
 2274 0 -0
 2275 0 -0
 2276 0 -0
 2277 0 -0
 2278 0 -0
 2279 0 -0
 2280 0 -0
 2281 0 -0
 2282 0 -0
 2283 0 -0
 2284 0 -0
 2285 0 -0
 2286 0 -0
 2287 0 -0
 2288 0 -0
 2289 0 -0
 2290 0 -0
 2291 0 -0
 2292 0 -0
 2293 0 -0
 2294 0 -0
 2295 0 -0
 2296 0 -0
 2297 0 -0
 2298 0 -0
 2299 0 -0
 2300 0 -0
 2301 0 -0
 2302 0 -0
 2303 0 -0
 2304 0 -0
 2305 0 -0
 2306 0 -0
 2307 0 -0
 2308 0 -0
 2309 0 -0
 2310 0 -0
 2311 0 -0
 2312 0 -0
 2313 0 -0
 2314 0 -0
 2315 0 -0
 2316 0 -0
 2317 0 -0
 2318 0 -0
 2319 0 -0
 2320 0 -0
 2321 0 -0
 2322 0 -0
 2323 0 -0
 2324 0 -0
 2325 0 -0
 2326 0 -0
 2327 0 -0
 2328 0 -0
 2329 0 -0
 2330 0 -0
 2331 0 -0
 2332 0 -0
 2333 0 -0
 2334 0 -0
 2335 0 -0
 2336 0 -0
 2337 0 -0
 2338 0 -0
 2339 0 -0
 2340 0 -0
 2341 0 -0
 2342 0 -0
 2343 0 -0
 2344 0 -0
 2345 0 -0
 2346 0 -0
 2347 0 -0
 2348 0 -0
 2349 0 -0
 2350 0 -0
 2351 0 -0
 2352 0 -0
 2353 0 -0
 2354 0 -0
 2355 0 -0
 2356 0 -0
 2357 0 -0
 2358 0 -0
 2359 0 -0
 2360 0 -0
 2361 0 -0
 2362 0 -0
 2363 0 -0
 2364 0 -0
 2365 0 -0
 2366 0 -0
 2367 0 -0
 2368 0 -0
 2369 0 -0
 2370 0 -0
 2371 0 -0
 2372 0 -0
 2373 0 -0
 2374 0 -0
 2375 0 -0
 2376 0 -0
 2377 0 -0
 2378 0 -0
 2379 0 -0
 2380 0 -0
 2381 0 -0
 2382 0 -0
 2383 0 -0
 2384 0 -0
 2385 0 -0
 2386 0 -0
 2387 0 -0
 2388 0 -0
 2389 0 -0
 2390 0 -0
 2391 0 -0
 2392 0 -0
 2393 0 -0
 2394 0 -0
 2395 0 -0
 2396 0 -0
 2397 0 -0
 2398 0 -0
 2399 0 -0
 2400 0 -0
 2401 0 -0
 2402 0 -0
 2403 0 -0
 2404 0 -0
 2405 0 -0
 2406 0 -0
 2407 0 -0
 2408 0 -0
 2409 0 -0
 2410 0 -0
 2411 0 -0
 2412 0 -0
 2413 0 -0
 2414 0 -0
 2415 0 -0
 2416 0 -0
 2417 0 -0
 2418 0 -0
 2419 0 -0
 2420 0 -0
 2421 0 -0
 2422 0 -0
 2423 0 -0
 2424 0 -0
 2425 0 -0
 2426 0 -0
 2427 0 -0
 2428 0 -0
 2429 0 -0
 2430 0 -0
 2431 0 -0
 2432 0 -0
 2433 0 -0
 2434 0 -0
 2435 0 -0
 2436 0 -0
 2437 0 -0
 2438 0 -0
 2439 0 -0
 2440 0 -0
 2441 0 -0
 2442 0 -0
 2443 0 -0
 2444 0 -0
 2445 0 -0
 2446 0 -0
 2447 0 -0
 2448 0 -0
 2449 0 -0
 2450 0 -0
 2451 0 -0
 2452 0 -0
 2453 0 -0
 2454 0 -0
 2455 0 -0
 2456 0 -0
 2457 0 -0
 2458 0 -0
 2459 0 -0
 2460 0 -0
 2461 0 -0
 2462 0 -0
 2463 0 -0
 2464 0 -0
 2465 0 -0
 2466 0 -0
 2467 0 -0
 2468 0 -0
 2469 0 -0
 2470 0 -0
 2471 0 -0
 2472 0 -0
 2473 0 -0
 2474 0 -0
 2475 0 -0
 2476 0 -0
 2477 0 -0
 2478 0 -0
 2479 0 -0
 2480 0 -0
 2481 0 -0
 2482 0 -0
 2483 0 -0
 2484 0 -0
 2485 0 -0
 2486 0 -0
 2487 0 -0
 2488 0 -0
 2489 0 -0
 2490 0 -0
 2491 0 -0
 2492 0 -0
 2493 0 -0
 2494 0 -0
 2495 0 -0
 2496 0 -0
 2497 0 -0
 2498 0 -0
 2499 0 -0
 2500 0 -0
 1874 0 -0
 1873 0 -0
 1872 0 -0
 1871 0 -0
 1870 0 -0
 1869 0 -0
 1868 0 -0
 1867 0 -0
 1866 0 -0
 1865 0 -0
 1864 0 -0
 1863 0 -0
 1862 0 -0
 1861 0 -0
 1860 0 -0
 1859 0 -0
 1858 0 -0
 1857 0 -0
 1856 0 -0
 1855 0 -0
 1854 0 -0
 1853 0 -0
 1852 0 -0
 1851 0 -0
 1850 0 -0
 1849 0 -0
 1848 0 -0
 1847 0 -0
 1846 0 -0
 1845 0 -0
 1844 0 -0
 1843 0 -0
 1842 0 -0
 1841 0 -0
 1840 0 -0
 1839 0 -0
 1838 0 -0
 1837 0 -0
 1836 0 -0
 1835 0 -0
 1834 0 -0
 1833 0 -0
 1832 0 -0
 1831 0 -0
 1830 0 -0
 1829 0 -0
 1828 0 -0
 1827 0 -0
 1826 0 -0
 1825 0 -0
 1824 0 -0
 1823 0 -0
 1822 0 -0
 1821 0 -0
 1820 0 -0
 1819 0 -0
 1818 0 -0
 1817 0 -0
 1816 0 -0
 1815 0 -0
 1814 0 -0
 1813 0 -0
 1812 0 -0
 1811 0 -0
 1810 0 -0
 1809 0 -0
 1808 0 -0
 1807 0 -0
 1806 0 -0
 1805 0 -0
 1804 0 -0
 1803 0 -0
 1802 0 -0
 1801 0 -0
 1800 0 -0
 1799 0 -0
 1798 0 -0
 1797 0 -0
 1796 0 -0
 1795 0 -0
 1794 0 -0
 1793 0 -0
 1792 0 -0
 1791 0 -0
 1790 0 -0
 1789 0 -0
 1788 0 -0
 1787 0 -0
 1786 0 -0
 1785 0 -0
 1784 0 -0
 1783 0 -0
 1782 0 -0
 1781 0 -0
 1780 0 -0
 1779 0 -0
 1778 0 -0
 1777 0 -0
 1776 0 -0
 1775 0 -0
 1774 0 -0
 1773 0 -0
 1772 0 -0
 1771 0 -0
 1770 0 -0
 1769 0 -0
 1768 0 -0
 1767 0 -0
 1766 0 -0
 1765 0 -0
 1764 0 -0
 1763 0 -0
 1762 0 -0
 1761 0 -0
 1760 0 -0
 1759 0 -0
 1758 0 -0
 1757 0 -0
 1756 0 -0
 1755 0 -0
 1754 0 -0
 1753 0 -0
 1752 0 -0
 1751 0 -0
 1750 0 -0
 1749 0 -0
 1748 0 -0
 1747 0 -0
 1746 0 -0
 1745 0 -0
 1744 0 -0
 1743 0 -0
 1742 0 -0
 1741 0 -0
 1740 0 -0
 1739 0 -0
 1738 0 -0
 1737 0 -0
 1736 0 -0
 1735 0 -0
 1734 0 -0
 1733 0 -0
 1732 0 -0
 1731 0 -0
 1730 0 -0
 1729 0 -0
 1728 0 -0
 1727 0 -0
 1726 0 -0
 1725 0 -0
 1724 0 -0
 1723 0 -0
 1722 0 -0
 1721 0 -0
 1720 0 -0
 1719 0 -0
 1718 0 -0
 1717 0 -0
 1716 0 -0
 1715 0 -0
 1714 0 -0
 1713 0 -0
 1712 0 -0
 1711 0 -0
 1710 0 -0
 1709 0 -0
 1708 0 -0
 1707 0 -0
 1706 0 -0
 1705 0 -0
 1704 0 -0
 1703 0 -0
 1702 0 -0
 1701 0 -0
 1700 0 -0
 1699 0 -0
 1698 0 -0
 1697 0 -0
 1696 0 -0
 1695 0 -0
 1694 0 -0
 1693 0 -0
 1692 0 -0
 1691 0 -0
 1690 0 -0
 1689 0 -0
 1688 0 -0
 1687 0 -0
 1686 0 -0
 1685 0 -0
 1684 0 -0
 1683 0 -0
 1682 0 -0
 1681 0 -0
 1680 0 -0
 1679 0 -0
 1678 0 -0
 1677 0 -0
 1676 0 -0
 1675 0 -0
 1674 0 -0
 1673 0 -0
 1672 0 -0
 1671 0 -0
 1670 0 -0
 1669 0 -0
 1668 0 -0
 1667 0 -0
 1666 0 -0
 1665 0 -0
 1664 0 -0
 1663 0 -0
 1662 0 -0
 1661 0 -0
 1660 0 -0
 1659 0 -0
 1658 0 -0
 1657 0 -0
 1656 0 -0
 1655 0 -0
 1654 0 -0
 1653 0 -0
 1652 0 -0
 1651 0 -0
 1650 0 -0
 1649 0 -0
 1648 0 -0
 1647 0 -0
 1646 0 -0
 1645 0 -0
 1644 0 -0
 1643 0 -0
 1642 0 -0
 1641 0 -0
 1640 0 -0
 1639 0 -0
 1638 0 -0
 1637 0 -0
 1636 0 -0
 1635 0 -0
 1634 0 -0
 1633 0 -0
 1632 0 -0
 1631 0 -0
 1630 0 -0
 1629 0 -0
 1628 0 -0
 1627 0 -0
 1626 0 -0
 1625 0 -0
 1624 0 -0
 1623 0 -0
 1622 0 -0
 1621 0 -0
 1620 0 -0
 1619 0 -0
 1618 0 -0
 1617 0 -0
 1616 0 -0
 1615 0 -0
 1614 0 -0
 1613 0 -0
 1612 0 -0
 1611 0 -0
 1610 0 -0
 1609 0 -0
 1608 0 -0
 1607 0 -0
 1606 0 -0
 1605 0 -0
 1604 0 -0
 1603 0 -0
 1602 0 -0
 1601 0 -0
 1600 0 -0
 1599 0 -0
 1598 0 -0
 1597 0 -0
 1596 0 -0
 1595 0 -0
 1594 0 -0
 1593 0 -0
 1592 0 -0
 1591 0 -0
 1590 0 -0
 1589 0 -0
 1588 0 -0
 1587 0 -0
 1586 0 -0
 1585 0 -0
 1584 0 -0
 1583 0 -0
 1582 0 -0
 1581 0 -0
 1580 0 -0
 1579 0 -0
 1578 0 -0
 1577 0 -0
 1576 0 -0
 1575 0 -0
 1574 0 -0
 1573 0 -0
 1572 0 -0
 1571 0 -0
 1570 0 -0
 1569 0 -0
 1568 0 -0
 1567 0 -0
 1566 0 -0
 1565 0 -0
 1564 0 -0
 1563 0 -0
 1562 0 -0
 1561 0 -0
 1560 0 -0
 1559 0 -0
 1558 0 -0
 1557 0 -0
 1556 0 -0
 1555 0 -0
 1554 0 -0
 1553 0 -0
 1552 0 -0
 1551 0 -0
 1550 0 -0
 1549 0 -0
 1548 0 -0
 1547 0 -0
 1546 0 -0
 1545 0 -0
 1544 0 -0
 1543 0 -0
 1542 0 -0
 1541 0 -0
 1540 0 -0
 1539 0 -0
 1538 0 -0
 1537 0 -0
 1536 0 -0
 1535 0 -0
 1534 0 -0
 1533 0 -0
 1532 0 -0
 1531 0 -0
 1530 0 -0
 1529 0 -0
 1528 0 -0
 1527 0 -0
 1526 0 -0
 1525 0 -0
 1524 0 -0
 1523 0 -0
 1522 0 -0
 1521 0 -0
 1520 0 -0
 1519 0 -0
 1518 0 -0
 1517 0 -0
 1516 0 -0
 1515 0 -0
 1514 0 -0
 1513 0 -0
 1512 0 -0
 1511 0 -0
 1510 0 -0
 1509 0 -0
 1508 0 -0
 1507 0 -0
 1506 0 -0
 1505 0 -0
 1504 0 -0
 1503 0 -0
 1502 0 -0
 1501 0 -0
 1500 0 -0
 1499 0 -0
 1498 0 -0
 1497 0 -0
 1496 0 -0
 1495 0 -0
 1494 0 -0
 1493 0 -0
 1492 0 -0
 1491 0 -0
 1490 0 -0
 1489 0 -0
 1488 0 -0
 1487 0 -0
 1486 0 -0
 1485 0 -0
 1484 0 -0
 1483 0 -0
 1482 0 -0
 1481 0 -0
 1480 0 -0
 1479 0 -0
 1478 0 -0
 1477 0 -0
 1476 0 -0
 1475 0 -0
 1474 0 -0
 1473 0 -0
 1472 0 -0
 1471 0 -0
 1470 0 -0
 1469 0 -0
 1468 0 -0
 1467 0 -0
 1466 0 -0
 1465 0 -0
 1464 0 -0
 1463 0 -0
 1462 0 -0
 1461 0 -0
 1460 0 -0
 1459 0 -0
 1458 0 -0
 1457 0 -0
 1456 0 -0
 1455 0 -0
 1454 0 -0
 1453 0 -0
 1452 0 -0
 1451 0 -0
 1450 0 -0
 1449 0 -0
 1448 0 -0
 1447 0 -0
 1446 0 -0
 1445 0 -0
 1444 0 -0
 1443 0 -0
 1442 0 -0
 1441 0 -0
 1440 0 -0
 1439 0 -0
 1438 0 -0
 1437 0 -0
 1436 0 -0
 1435 0 -0
 1434 0 -0
 1433 0 -0
 1432 0 -0
 1431 0 -0
 1430 0 -0
 1429 0 -0
 1428 0 -0
 1427 0 -0
 1426 0 -0
 1425 0 -0
 1424 0 -0
 1423 0 -0
 1422 0 -0
 1421 0 -0
 1420 0 -0
 1419 0 -0
 1418 0 -0
 1417 0 -0
 1416 0 -0
 1415 0 -0
 1414 0 -0
 1413 0 -0
 1412 0 -0
 1411 0 -0
 1410 0 -0
 1409 0 -0
 1408 0 -0
 1407 0 -0
 1406 0 -0
 1405 0 -0
 1404 0 -0
 1403 0 -0
 1402 0 -0
 1401 0 -0
 1400 0 -0
 1399 0 -0
 1398 0 -0
 1397 0 -0
 1396 0 -0
 1395 0 -0
 1394 0 -0
 1393 0 -0
 1392 0 -0
 1391 0 -0
 1390 0 -0
 1389 0 -0
 1388 0 -0
 1387 0 -0
 1386 0 -0
 1385 0 -0
 1384 0 -0
 1383 0 -0
 1382 0 -0
 1381 0 -0
 1380 0 -0
 1379 0 -0
 1378 0 -0
 1377 0 -0
 1376 0 -0
 1375 0 -0
 1374 0 -0
 1373 0 -0
 1372 0 -0
 1371 0 -0
 1370 0 -0
 1369 0 -0
 1368 0 -0
 1367 0 -0
 1366 0 -0
 1365 0 -0
 1364 0 -0
 1363 0 -0
 1362 0 -0
 1361 0 -0
 1360 0 -0
 1359 0 -0
 1358 0 -0
 1357 0 -0
 1356 0 -0
 1355 0 -0
 1354 0 -0
 1353 0 -0
 1352 0 -0
 1351 0 -0
 1350 0 -0
 1349 0 -0
 1348 0 -0
 1347 0 -0
 1346 0 -0
 1345 0 -0
 1344 0 -0
 1343 0 -0
 1342 0 -0
 1341 0 -0
 1340 0 -0
 1339 0 -0
 1338 0 -0
 1337 0 -0
 1336 0 -0
 1335 0 -0
 1334 0 -0
 1333 0 -0
 1332 0 -0
 1331 0 -0
 1330 0 -0
 1329 0 -0
 1328 0 -0
 1327 0 -0
 1326 0 -0
 1325 0 -0
 1324 0 -0
 1323 0 -0
 1322 0 -0
 1321 0 -0
 1320 0 -0
 1319 0 -0
 1318 0 -0
 1317 0 -0
 1316 0 -0
 1315 0 -0
 1314 0 -0
 1313 0 -0
 1312 0 -0
 1311 0 -0
 1310 0 -0
 1309 0 -0
 1308 0 -0
 1307 0 -0
 1306 0 -0
 1305 0 -0
 1304 0 -0
 1303 0 -0
 1302 0 -0
 1301 0 -0
 1300 0 -0
 1299 0 -0
 1298 0 -0
 1297 0 -0
 1296 0 -0
 1295 0 -0
 1294 0 -0
 1293 0 -0
 1292 0 -0
 1291 0 -0
 1290 0 -0
 1289 0 -0
 1288 0 -0
 1287 0 -0
 1286 0 -0
 1285 0 -0
 1284 0 -0
 1283 0 -0
 1282 0 -0
 1281 0 -0
 1280 0 -0
 1279 0 -0
 1278 0 -0
 1277 0 -0
 1276 0 -0
 1275 0 -0
 1274 0 -0
 1273 0 -0
 1272 0 -0
 1271 0 -0
 1270 0 -0
 1269 0 -0
 1268 0 -0
 1267 0 -0
 1266 0 -0
 1265 0 -0
 1264 0 -0
 1263 0 -0
 1262 0 -0
 1261 0 -0
 1260 0 -0
 1259 0 -0
 1258 0 -0
 1257 0 -0
 1256 0 -0
 1255 0 -0
 1254 0 -0
 1253 0 -0
 1252 0 -0
 1251 0 -0
 1875 0 -0
