# Number of parameters = 625  Objective function value = 0.0188963  Maximum gradient component = 9.63856e-05
# A:
 -5.70327 0.194186 -11.2098 -6.88667 1.76748 10.0121 -7.59485 -31.0057 -34.4678 -0.257762 -11.0665 -11.8830 17.8410 14.7558 -20.9568 10.2803 -4.42485 5.63129 7.70120 -25.5450 -10.3709 -50.5527 10.0374 35.9179 50.8167
 -8.69518 -9.31526 -23.7955 20.1010 3.19811 17.2082 -66.1893 -31.2346 43.9131 -18.2412 -19.7969 35.1316 26.4175 17.3531 -2.25401 -41.8829 47.6270 -27.6673 -7.87940 -16.9599 17.7920 50.7984 53.2853 -34.8090 14.8081
 -5.50290 8.84191 -29.3065 -8.08381 -5.95488 -3.25305 -0.477019 -7.12923 -3.90106 -14.7043 13.9158 -34.4610 9.46983 -6.13075 -20.3228 36.0627 -12.8837 54.0931 26.2288 -8.03705 -7.14592 -0.168771 -5.48009 5.76681 11.3497
 -19.8788 -15.6555 -6.09934 -0.887265 11.8433 -10.0167 -26.4842 11.1644 -36.7188 2.22367 -12.7075 13.9280 -7.26645 28.1858 -4.64436 -30.9980 39.6284 7.73745 0.961831 14.5739 19.9707 -25.6986 1.96812 -6.91756 5.42179
 -14.0660 14.2900 8.04447 12.7063 -7.26137 -13.5324 28.0049 1.36153 26.8174 5.60618 20.5484 -26.5042 21.7420 -17.1140 32.1568 -1.08208 6.86919 19.5414 -2.43411 36.5382 13.7480 29.6533 -6.53727 21.7428 -23.1459
 8.03929 2.06634 -9.64477 19.5790 -8.66776 32.3622 40.1557 7.68166 -19.2639 -2.42496 -16.8886 -12.1402 11.3309 -14.2641 -16.6028 -3.01570 -20.1158 -10.4248 13.9764 39.1844 -16.5744 -35.4838 3.95123 -14.4514 -2.49419
 -32.7173 -25.5388 16.7158 -8.51888 17.9693 17.6723 26.5887 12.8328 -5.54463 38.8121 -21.8501 27.6170 15.6174 3.21843 -1.34116 19.7195 8.72320 -29.2831 -8.71686 22.7627 40.5946 13.9629 -9.56922 12.6665 12.2254
 -7.71625 -13.3671 11.4123 13.3465 -3.66405 -5.24176 1.25293 -11.8401 19.6558 -21.9503 -31.6571 -0.285014 29.9856 -26.6085 -7.45736 1.72047 28.2104 5.20496 -27.3811 -5.28588 10.4293 -37.3203 -12.6568 5.47065 14.4592
 14.6336 -10.9311 14.2714 49.1572 -2.77825 32.4269 -23.5146 1.79550 -2.14894 -6.40550 4.26712 -8.22598 0.146294 33.1580 12.4480 -44.0551 4.33956 -36.3378 -7.11418 -29.8074 -5.18955 -20.9246 2.24816 34.4681 -2.47231
 -32.6098 -9.89898 -10.6060 -12.1807 -0.263011 -19.2592 -5.99644 27.9505 -2.87135 -9.07384 -21.4881 32.5341 -16.7120 19.3229 11.8889 -61.4689 14.2266 -10.0066 24.1931 -11.8214 5.88170 -15.2918 14.5357 -18.6446 -15.8796
 -25.8699 -5.23508 -4.99993 -5.08893 3.10744 14.7407 -20.6080 8.33665 -13.5791 -20.2374 -26.3128 4.47215 10.7700 4.58887 -18.0583 14.1039 -6.76456 10.8228 15.7375 -36.6344 8.55662 -19.3397 11.7160 5.69974 20.7416
 -0.182428 35.8457 3.34020 -14.6915 23.1873 -18.1680 -17.2781 4.13571 -3.76381 35.9707 0.604401 25.5565 -12.7652 -20.4206 4.28352 10.7963 -4.94246 9.82339 4.81201 -3.72581 -22.1137 -6.71675 -19.3150 12.5805 19.9563
 -2.37686 32.1024 29.4878 27.2104 7.10078 -4.23777 27.9603 -10.2484 0.560943 -41.2255 2.50294 -28.9437 47.1810 7.48692 -6.22496 -33.3105 -40.4073 25.9045 -3.47857 18.3528 3.47444 -0.303903 34.1801 24.1849 -30.0955
 4.85347 2.12302 -12.5965 25.0212 -9.19833 40.0622 20.3979 -10.7330 28.6819 0.855462 4.19005 21.8234 39.5407 14.7416 -9.36285 37.0238 -3.69538 -33.8629 7.56362 -9.97882 -11.3680 19.6181 -0.0429718 20.7066 22.5861
 -7.17553 5.37484 -7.28901 -5.05330 19.0439 40.3008 -51.7394 12.8299 38.4210 10.8189 24.2492 18.9893 22.7712 -11.0972 -20.7704 53.2483 40.7812 10.8805 -14.3935 -1.89133 13.7602 -26.1596 5.56662 22.8307 19.1473
 -2.00155 4.06964 -27.4759 8.90089 -11.8990 7.66135 -45.7209 -13.9415 7.43470 -65.4357 -19.0310 -39.4147 1.20760 1.77757 -15.1116 -6.64059 17.9681 21.0604 -1.02487 -20.6462 -7.45106 0.750401 0.00893151 -21.4397 9.01756
 25.7682 18.2103 -38.4724 1.26663 -7.60965 -4.42820 42.2377 -9.57085 -26.8699 -12.3901 -4.83922 5.27489 10.6356 12.7816 -13.2219 13.0211 27.6070 -33.8109 5.91875 9.79540 -14.9865 -15.9567 1.87915 16.3641 13.7660
 25.7008 2.84288 -64.4803 27.3744 -17.6789 2.03524 -0.118893 -12.6803 -6.65347 -8.69211 -15.9240 2.49487 16.8189 -1.19509 -2.36189 5.31506 34.8344 11.0468 2.03439 -10.2799 -18.8436 -28.8748 -5.73041 -15.5556 50.4269
 11.9803 -18.8308 48.1258 -40.3496 24.6915 -18.0616 -44.9250 -13.9505 15.8748 32.0454 15.8299 19.2636 -5.49108 -1.15265 30.2028 -10.7143 -4.90050 12.2458 -32.6836 -12.9806 7.33086 -0.948552 3.21699 3.21824 -19.0800
 45.4806 23.9745 -7.00790 -21.4855 -22.5893 -36.1684 17.3481 -39.7465 -12.8527 26.0023 -2.75155 22.9050 10.2331 -4.61772 35.5503 13.2802 -23.7473 32.1148 -7.56659 -3.90659 -18.8880 -22.6986 -21.3011 8.24167 7.87200
 0.101402 -16.7188 -38.1917 -6.18484 -30.9589 1.72509 -11.8292 39.0523 -32.9296 -30.0963 -37.6377 -2.53677 -16.8149 13.1888 1.19437 -18.6856 41.7157 -18.5254 -8.77541 -40.6224 -9.17026 -60.9105 -33.9418 -10.7449 -6.86350
 -8.80900 -10.6432 -13.2924 13.1754 -15.9218 15.4990 13.7929 -32.8155 -6.71710 -26.8392 -9.04521 -19.0320 30.5398 -5.96239 23.6462 -31.5960 10.4045 47.4714 -17.0106 -1.42132 -1.45423 -43.7452 -12.5400 -19.2508 -2.88699
 1.60601 6.19361 -20.2268 10.5064 -9.98179 4.23491 -7.30884 -0.726734 -16.8801 -2.89346 16.5602 -30.2344 -12.6699 -17.7410 -0.333432 34.1304 -14.3983 -7.70422 2.42496 12.5148 -1.27888 13.6829 -9.22090 8.81076 12.5995
 -10.4971 17.6760 25.7537 16.3772 34.1523 -6.25288 -22.8411 11.7977 3.59905 43.4351 0.918862 -0.475835 -21.5926 13.4443 -3.06895 15.7852 -17.4200 35.3752 2.24019 -4.88347 -23.0336 7.93450 -9.44519 0.185755 4.01136
 -26.3442 -46.0806 26.7414 -44.4885 13.4859 -7.39657 25.4521 2.44565 -12.7499 -6.53977 8.10761 13.8176 0.0238392 32.7532 -10.7936 20.4478 -3.74732 -9.88780 2.49783 -13.4285 26.3770 -2.37835 -12.2315 -32.7686 0.916407
