 7.998066e-01 -1.877551e+00
 7.676445e-01 8.084421e-02
 1.974699e-01 1.323061e+00
 -1.786761e+00 1.791001e-02
 7.681167e-01 -1.347972e+00
 7.51466e-02 -1.354986e+00
 2.420496e-01 3.362231e-01
 1.117977e+00 3.696366e-01
 7.692764e-01 7.589375e-02 9.456084e-01 -5.024286e-01 -1.700689e+00 8.957678e-02 -3.292735e-01 -1.163204e+00
 1.967059e-01 1.325934e+00 -6.914787e-01 8.955761e-01 -1.060859e+00 9.998584e-01 -3.60609e-01 3.469192e-01
 -1.790074e+00 2.278875e-02 -3.546202e-01 -6.166824e-01 -6.113317e-01 -9.643382e-01 2.946304e-01 3.588342e-01
 7.688973e-01 -1.348386e+00 1.508727e-01 -2.794492e-01 4.166935e-01 1.768865e-01 -1.681297e+00 3.10186e-01
 7.495575e-02 -1.354633e+00 -1.302766e+00 1.079255e+00 5.712419e-01 8.803505e-01 6.821091e-02 5.275438e-01
 2.435649e-01 3.353843e-01 -4.156566e-01 -9.861218e-01 -7.721814e-01 1.295228e-01 -1.294734e+00 3.516184e-01
 1.118696e+00 3.709207e-01 2.074649e+00 6.12791e-01 -1.291701e-01 -1.161605e-01 -1.124208e+00 -9.844559e-01
 1.52023e+00 6.386108e-01 -1.20225e+00 1.120416e-01 5.962801e-01 -9.653143e-01 -4.226476e-01 9.815256e-01
 2.023731e-01 1.318774e+00 -6.837224e-01 9.052462e-01 -1.052453e+00 1.007732e+00 -3.69586e-01 3.501013e-01
 -1.784609e+00 1.458876e-02 -3.533517e-01 -6.148705e-01 -6.043307e-01 -9.589271e-01 2.875576e-01 3.62624e-01
 7.70483e-01 -1.34989e+00 1.543272e-01 -2.753426e-01 4.195337e-01 1.794509e-01 -1.68403e+00 3.11191e-01
 8.332762e-02 -1.366081e+00 -1.285959e+00 1.09854e+00 5.858381e-01 8.937635e-01 5.261998e-02 5.345248e-01
 2.476383e-01 3.304161e-01 -4.067053e-01 -9.767622e-01 -7.664366e-01 1.355367e-01 -1.301575e+00 3.536465e-01
 1.117328e+00 3.710973e-01 2.070672e+00 6.079907e-01 -1.316818e-01 -1.188882e-01 -1.122117e+00 -9.851687e-01
 1.527308e+00 6.361035e-01 -1.183052e+00 1.352681e-01 6.073258e-01 -9.522092e-01 -4.332827e-01 9.831993e-01
 1.032215e-01 4.978761e-01 -8.719578e-01 5.472585e-01 6.880406e-01 -2.460379e-01 1.188712e+00 6.783084e-01
 -1.784388e+00 2.110512e-02 -3.607416e-01 -6.182395e-01 -6.081462e-01 -9.655636e-01 2.92564e-01 3.628932e-01
 8.01516e-01 -1.307659e+00 1.174309e-01 -2.571389e-01 4.192933e-01 1.42195e-01 -1.677561e+00 3.321472e-01
 7.21603e-02 -1.357605e+00 -1.299897e+00 1.077742e+00 5.707058e-01 8.828434e-01 6.841244e-02 5.259466e-01
 2.138263e-01 3.004539e-01 -3.848485e-01 -1.005351e+00 -7.750845e-01 1.602018e-01 -1.29753e+00 3.314645e-01
 1.042668e+00 2.753987e-01 2.152299e+00 5.604498e-01 -1.353744e-01 -3.547019e-02 -1.133225e+00 -1.035462e+00
 1.514532e+00 6.420473e-01 -1.194518e+00 1.145744e-01 5.93885e-01 -9.601961e-01 -4.193423e-01 9.746001e-01
 2.477292e-03 3.752369e-01 -7.689797e-01 4.790809e-01 6.797305e-01 -1.395416e-01 1.176608e+00 6.092307e-01
 -8.219272e-01 1.333565e+00 2.3285e+00 1.150962e+00 1.259898e+00 1.665532e+00 -3.315964e-02 -1.139364e+00
 8.284802e-01 -1.262407e+00 5.708567e-02 -1.866516e-01 4.687896e-01 8.939132e-02 -1.690205e+00 2.205268e-01
 1.389598e-01 -1.260538e+00 -1.405079e+00 1.180506e+00 6.302144e-01 7.847241e-01 5.469873e-02 4.308281e-01
 -4.350182e-03 -2.075636e-02 -2.312023e-02 -1.371299e+00 -9.938946e-01 4.937221e-01 -1.249708e+00 7.225561e-01


 4.263242e-01 -2.760538e+00 -8.832614e-01 -1.372536e+00 5.073596e-01 -2.990365e-02 -7.243021e-01 7.108e-01
 1.04473e+00 -3.884233e-01 2.097271e+00 1.688913e+00 8.304036e-01 7.554735e-01 -1.064401e+00 1.08713e-01
 -1.513107e+00 -1.666852e+00 5.566776e-01 -1.527581e+00 2.32677e-01 6.066158e-01 5.512151e-03 -4.887364e-01
 6.486726e-01 1.050434e+00 -1.998278e+00 2.102286e+00 6.927044e-01 5.911126e-02 1.115653e+00 -2.796143e+00
 -1.282225e+00 -1.569686e+00 6.111943e-01
