 0.737183 1.0031
 -0.717732 0.185432
 0.608247 -0.28501
 -2.25587 -1.39758
 0.758076 0.717833
 -0.930199 1.55638
 -0.528336 0.701425
 -0.127514 1.25005
 0.818846 0.782839 -0.449841 0.26365 1.50276 -0.536648 0.171608 -0.171408
 -0.871537 0.815544 -1.56534 -0.603267 1.22148 1.48879 1.56945 0.300354
 0.174603 1.18029 0.738757 -1.67821 -0.190645 -0.167645 -0.728765 1.23883
 -0.388795 0.925805 1.17895 0.743002 1.02029 0.0159596 0.173715 0.327021
 1.81079 -1.1516 -0.375034 -0.0745899 1.32702 0.43732 0.569433 0.88153
 -1.22252 1.76742 0.112433 0.316937 0.132985 -0.0828466 -0.74028 0.461697
 -0.358102 -1.09132 0.639425 2.39783 -0.640424 -0.827524 0.172085 0.426864
 0.769807 -1.84375 0.627235 -0.259421 0.30236 2.11423 -0.449097 -0.623537
 -0.201128 -0.770975 -0.0668521 -0.215188 -1.14527 -0.394874 1.83056 -0.716002
 0.0707025 1.2652 -0.172888 -0.888671 -0.20837 -1.09799 -2.70066 1.08933
 1.99149 0.460416 0.983174 1.31327 -0.227634 1.34974 -1.23914 0.928577
 -0.489553 -0.742391 -0.646149 0.52862 0.766901 1.70641 -1.06154 -0.168322
 -0.884413 -1.65698 -1.046 0.750827 0.716923 0.223824 -0.173139 -0.67722
 -0.416902 0.0402969 0.990496 0.477873 0.847626 0.5416 -0.251946 1.57641
 0.401624 -1.46518 -0.0982561 -0.432616 0.833839 0.0229905 1.11872 -0.432157
 -0.558709 -0.436105 -1.22681 0.923972 0.685178 1.19327 0.0163221 0.137875
 -0.0807817 -1.22194 -0.225859 -0.609922 0.225392 -0.473599 -1.63134 -0.124697
 -0.0494716 0.40656 -1.05278 1.39597 -0.0173313 0.983395 0.835576 0.305779
 -1.9705 0.0759418 -0.846521 -1.66965 -0.167256 0.453304 0.296504 -0.13728
 -0.54184 -0.425305 0.937273 -0.747031 -0.847231 0.314465 0.308077 -2.44637
 1.36538 -0.250915 -0.529017 1.26911 2.30904 -1.02528 -0.868534 0.287764
 3.03264 -0.953655 -0.517806 0.193126 0.268904 0.0741266 -0.0539428 0.812585
 1.12981 -1.10101 2.12942 -0.33027 1.15592 1.4743 0.0493496 1.20085
 -0.736632 0.346887 1.56442 -1.45365 -0.185398 -0.780836 -1.31107 0.0584152
 0.300591 1.83763 0.867582 -0.160337 0.905228 -0.110268 1.03028 1.53184
 -0.396218 -0.954032 -0.151514 -0.136199 -0.867674 -0.314683 0.771463 0.245264
 -0.636599 1.92397 -0.0491416 1.20559 -0.173326 -1.94594 1.09397 1.41262 -0.431793 -0.100042 -1.27901 -1.34502 1.04131 1.14355 0.283778 -1.14055
 -0.602722 -0.940358 0.230963 -1.49784 -0.990834 -1.12345 -0.703768 0.600535
 0.195437 1.28414 0.9844 1.09418 -0.894706 0.28404 0.682915 0.179978
 -0.773321 1.58851 -0.326717 -0.569817 1.74559 1.33748 0.779827 -0.354371
 -0.181856 1.04982 0.613294