# Number of parameters = 3  Objective function value = -818.003  Maximum gradient component = 0.00000
# b:
0.974323649712
# log_sigma:
-1.77355797674
# mu:
0.00000000000
# mu_x:
-0.918311399432
# x:
 0.623658320809 0.652842022718 0.656117477592 0.671412404722 0.680642039047 0.650103039916 0.631627326484 0.612209965260 0.587240968397 0.576056979484 0.579621013050 0.535242821411 0.487508538670 0.440982873528 0.403263745462 0.378021203582 0.357400828727 0.332009319206 0.315572383850 0.310523751888 0.301820141943 0.297127439330 0.258939300131 0.235131660319 0.223101555950 0.224879076130 0.240658352813 0.251245711773 0.255094170326 0.264656886460 0.281734046887 0.282384580525 0.290142146959 0.258124319812 0.236392672887 0.219564254540 0.215767790075 0.220748701596 0.240520199814 0.228120045046 0.230507301680 0.219247575106 0.220827616399 0.224565835170 0.242179126600 0.258947037633 0.266991676232 0.289278178151 0.306428717447 0.335448622141 0.326034025609 0.318697765690 0.288970135477 0.220030307109 0.161121321536 0.114591040917 0.0723502305420 0.0402025186523 0.0181387570143 0.00699591268411 0.0103999693450 0.0285916026282 0.0400528487605 0.0597914698566 0.0664104336225 0.0768700812564 0.0959414338152 0.125611633881 0.164924059213 0.147474489025 0.133385381694 0.132022855438 0.115892371297 0.0928292503462 0.0837110935419 0.0460725097553 0.0171784693256 0.00205554920560 -0.0197353213270 -0.0811096391182 -0.138628280905 -0.209866935246 -0.266493475888 -0.321304265041 -0.397976068202 -0.460870706973 -0.512327022681 -0.549667862529 -0.572983539461 -0.582363793732 -0.621089137833 -0.651239721022 -0.668620438485 -0.690195572105 -0.712715165578 -0.721229717559 -0.727981364615 -0.722280240993 -0.726705808065 -0.716932950536 -0.738841753325 -0.755791010440 -0.762514091328 -0.773611838398 -0.770480468298 -0.755495589409 -0.734085956597 -0.703606207560 -0.692237948396 -0.700199596105 -0.740378831642 -0.766652767490 -0.780909581531 -0.815263301549 -0.844170946261 -0.860074205632 -0.866817761838 -0.860001249518 -0.849502069622 -0.825138157824 -0.786731235935 -0.741447503315 -0.688738224698 -0.672302303847 -0.648109505272 -0.610490600954 -0.559003519141 -0.496749610140 -0.420439019817 -0.392484567715 -0.411866214398 -0.463817003541 -0.510286758142 -0.551049502975 -0.579546779001 -0.612816471259 -0.648128831286 -0.669360603637 -0.698629213728 -0.714213552091 -0.720643202767 -0.714026166262 -0.698472612700 -0.669192677322 -0.646755554936 -0.632657566306 -0.607902386224 -0.575447422911 -0.529523192071 -0.527434025551 -0.522527865091 -0.520150191213 -0.505948779844 -0.486625155123 -0.467205837790 -0.439193011676 -0.396817203789 -0.370639581151 -0.344390743511 -0.364883940412 -0.417065401392 -0.480283461711 -0.529053410977 -0.566434432694 -0.590359505286 -0.604222189018 -0.608119803427 -0.597668826683 -0.588832462894 -0.565653896346 -0.532880400841 -0.496425332852 -0.451278890526 -0.417401680199 -0.386029785806 -0.348609788408 -0.298039864598 -0.235981295513 -0.186732061938 -0.123663443607 -0.0857985175041 -0.0931397050870 -0.0989249697230 -0.102524130487 -0.121684869874 -0.129114847242 -0.135477307144 -0.155164129841 -0.168621492959 -0.167459913105 -0.151743438906 -0.127236952305 -0.124080586061 -0.107352571469 -0.109066502977 -0.116285736481 -0.122363078890 -0.114915341676 -0.0951129541302 -0.0606176320236 -0.0804397240496 -0.0901422322107 -0.103500413931 -0.102171556222 -0.118706474941 -0.121143946140 -0.115098406422 -0.0969482145861 -0.0688748121958 -0.0263153099660 0.0194620111720 0.0785698474597 0.113582806638 0.134687104135 0.168538285856 0.184606397077 0.186269821700 0.188343520478 0.204943863274 0.234710855554 0.279054582911 0.337859095198 0.345930872074 0.361433208439 0.362440802914 0.378165098463 0.387369102106 0.390094039670 0.407585206145 0.373396421286 0.312612979923 0.263736591212 0.213459116670 0.178105003228 0.147518817651 0.0909190791680 -0.0104608846577 -0.0988010194993 -0.179787186583 -0.262196824260 -0.336156272558 -0.400537801903 -0.462804825564 -0.525504060131 -0.575452126214 -0.615745482755 -0.650955928750 -0.675123751155 -0.692492795556 -0.698320988248 -0.697361819554 -0.683123471918 -0.655390830097 -0.616182885621 -0.604438359077 -0.579366840825 -0.557422687045 -0.536536040695 -0.544417454907 -0.540399204497 -0.540944367334 -0.552101916290 -0.552178463699 -0.550600362121 -0.547370545710 -0.529991499334 -0.524483494175 -0.504555576563 -0.472103176310 -0.487532668080 -0.498924583692 -0.495949271538 -0.495228988514 -0.480541866822 -0.452419600572 -0.414362108236 -0.362767671611 -0.314165873173 -0.255765401280 -0.195350361188 -0.122762264824 -0.0463946981694 0.0319932939748 0.123373943317 0.189746131421 0.265492128081 0.293670566206 0.336495749862 0.353711651994 0.315122812295 0.291530171378 0.278793356913 0.259234359860 0.235367303441 0.188985568666 0.127054285809 0.0799253989114 0.0476158754744 0.0179999358802 -0.0116298270924 -0.0266185526812 -0.0277590433514 -0.0391897633875 -0.0392291324504 -0.0416202744600 -0.0657323443904 -0.0802478892083 -0.0907853563388 -0.0884198450707 -0.0717938758648 -0.0443086115829 -0.00338497370373 0.0200988723657 0.0425733032092 0.0277782291958 0.0269804251036 0.0388646362496 0.0583864417919 0.0923804862978 0.124329038434 0.168065039766 0.213618679691 0.195982704634 0.175973666746 0.168612863537 0.175889369924 0.184290913942 0.180153910443 0.190048352825 0.214228650009 0.252206347887 0.159503010901 0.0775920183787 0.00435887418771 -0.0651684401829 -0.119991307396 -0.181895367321 -0.229230320725 -0.267932476861 -0.292901969363 -0.304590353922 -0.317501589977 -0.358539232348 -0.388000958401 -0.403356069783 -0.407288391825 -0.413448952375 -0.431273720548 -0.434655825082 -0.423987450022 -0.398895469176 -0.367541914065 -0.378491395932 -0.376537722021 -0.372196198211 -0.353357558432 -0.360594106916 -0.365563521926 -0.356048170360 -0.340437553322 -0.310517515258 -0.274851390165 -0.257197568887 -0.225390532602 -0.191799472253 -0.165249071599 -0.132275301512 -0.0997293649738 -0.0611666081149 -0.00787431373113 0.0139420652461 0.00531171746326 0.0108000802305 0.0217846257721 0.0457048896622 0.0838535596386 0.126623518298 0.183697367479 0.242021004831 0.271770794795 0.267099554830 0.246548526617 0.231432552890 0.230333041639 0.185759552085 0.144616973451 0.103861793328 0.0645223124729 0.0227481429590 -0.0318994465583 -0.0718637320482 -0.100361555711 -0.120829384724 -0.130050007175 -0.183791767287 -0.229945965542 -0.269348777234 -0.297246037522 -0.311691869460 -0.364466159394 -0.411065310064 -0.443356916668 -0.462128059615 -0.473699772231 -0.482458428573 -0.480772640638 -0.464952442615 -0.437350483705 -0.406612076776 -0.364595224213 -0.317480130837 -0.257381033222 -0.183423731059 -0.0964062702398 -0.0461020383302 -0.0140273612169 0.0105244980155 0.0496375172694 0.0930153010710 0.115085870232 0.147540682275 0.142420976568 0.127127579698 0.124854913854 0.137042212241 0.147076196735 0.164501597671 0.130287053903 0.0418188955795 -0.0427889487017 -0.130076868283 -0.204474760357 -0.268241119201 -0.319073971322 -0.355344839572 -0.403880166485 -0.448170342759 -0.480097296935 -0.544126658285 -0.595394669862 -0.651279046942 -0.693462973142 -0.722805502016 -0.737922807684 -0.780340623349 -0.810218891956 -0.826062659536 -0.835779599913 -0.834906764591 -0.820794640906 -0.793117928383 -0.812296421886 -0.829138674966 -0.831836944434 -0.845163267750 -0.845065964814 -0.841439220158 -0.824102368144 -0.816652404299 -0.795168042843 -0.759606741614 -0.720705808836 -0.689048502172 -0.645374279067 -0.591094849799 -0.589324584843 -0.578433423441 -0.553353769423 -0.525145519846 -0.502396932492 -0.467360956192 -0.426378419372 -0.379318095588 -0.369493453809 -0.394790307538 -0.414246664965 -0.421941667552 -0.434598235635 -0.433994813641 -0.424007821135 -0.466387370781 -0.516317302075 -0.551814637841 -0.573911388095 -0.595700541819 -0.606927729518 -0.615519024396 -0.609973889330 -0.643088501401 -0.673388237029 -0.693411955001 -0.718825227075 -0.753112745549 -0.775466324792 -0.788579972869 -0.793956390093 -0.813421474442 -0.830307225735 -0.842194412868 -0.858400379432 -0.866103709305 -0.865331225578 -0.868271790846 -0.862777452200 -0.843139747383 -0.817309374090 -0.821959744979 -0.828515251307 -0.849613342094 -0.879243972546 -0.985553160939 -1.09307934451 -1.19580821355 -1.28557430318 -1.37790858850 -1.45822102193 -1.54962452381 -1.62775200873 -1.69691077167 -1.75453737540 -1.80565204958 -1.84982338780 -1.88324596409 -1.90519750504 -1.91890140480 -1.92523030640 -1.92164358639 -1.90473585060 -1.91699110046 -1.91876382274 -1.91783986676 -1.90487504827 -1.88025124292 -1.84756460827 -1.81380728803 -1.77049927733 -1.71560687201 -1.65110981965 -1.57852631702 -1.53086115994 -1.51707657972 -1.49292454864 -1.45842664382 -1.41019082401 -1.35246867859 -1.30250263232 -1.24300476758 -1.18062833715 -1.16203480969 -1.15198683574 -1.13134130176 -1.11244357588 -1.07951937601 -1.03420174135 -0.989841706841 -0.940228565454 -0.879564183069 -0.868795226811 -0.845948859135 -0.812016940047 -0.768359792153 -0.713334302748 -0.644248603569 -0.568206381286 -0.482422101296 -0.395372087911 -0.295108895752 -0.219578027921 -0.136080445659 -0.125327535603 -0.142231647368 -0.146774155099 -0.140627192470 -0.131339519179 -0.117856494721 -0.104653857615 -0.0767405015683 -0.0738599820581 -0.0654713001729 -0.0423751772332 -0.0163263769952 -0.00981561589693 -0.0453744209677 -0.0780918811161 -0.120677091135 -0.153874181457 -0.181615812950 -0.197775403605 -0.200195612218 -0.189184550238 -0.167320554184 -0.174329436052 -0.169347551520 -0.153512087979 -0.160284571385 -0.152382126931 -0.155751341160 -0.160334001807 -0.154438739381 -0.137646328223 -0.148162770879 -0.174300599549 -0.187940002064 -0.189089921280 -0.176138755864 -0.163014771189 -0.149034941240 -0.125019953172 -0.0863330591963 -0.133351556571 -0.166383385418 -0.205651625754 -0.235089584736 -0.249919421091 -0.252459137883 -0.240417266854 -0.243349075212 -0.240363265294 -0.226098766159 -0.208238385636 -0.209396483906 -0.261617539864 -0.314146170056 -0.360527023906 -0.393957739510 -0.424460665834 -0.441682328605 -0.467165143499 -0.483976994146 -0.510189825384 -0.525341685877 -0.536141280511 -0.559761590642 -0.569768563827 -0.601791912050 -0.624743104818 -0.637015353246 -0.645249307395 -0.655093716415 -0.651177978771 -0.656655963608 -0.651532937838 -0.660086416486 -0.660517602654 -0.646643625022 -0.621574155056 -0.585648372900 -0.562793370838 -0.526591207930 -0.487329782143 -0.433627379931 -0.389042544972 -0.329961693611 -0.259182600380 -0.180390626717 -0.105868333461 -0.200250771300 -0.280828450324 -0.346942780334 -0.400342757438 -0.440258624629 -0.465691371487 -0.492468794224 -0.517122613014 -0.555074497100 -0.590586779494 -0.616209464292 -0.634396143267 -0.667364194167 -0.715956161393 -0.750495481019 -0.771243957710 -0.780111403959 -0.812337705583 -0.848319107476 -0.877541825606 -0.896391651946 -0.901068723257 -0.899843910916 -0.886302012642 -0.892183254111 -0.884821215604 -0.864607867755 -0.854807996986 -0.832854242798 -0.796958452625 -0.770822355930 -0.733827651650 -0.682760264159 -0.665665139376 -0.635481416030 -0.598103241102 -0.547792103743 -0.499138217944 -0.449359666381 -0.439724003076 -0.415720515805 -0.405985588423 -0.395304613615 -0.396097477371 -0.383710616162 -0.359051183190 -0.319885290166 -0.312699931022 -0.296713464853 -0.267318224322 -0.238281987306 -0.213533100244 -0.174962574774 -0.130931730380 -0.0762161463265 -0.0382065016399 0.0140528158454 0.00922687190494 0.0178139946801 0.0393349779428 0.0574644454279 0.0625700733064 0.0483507727462 0.0481152061732 0.00814874114617 -0.0234318875884 -0.0404091821905 -0.0427974417157 -0.0389401935303 -0.111796928177 -0.173070765058 -0.233309901602 -0.282057853411 -0.318799179372 -0.352392793967 -0.377477113711 -0.390986420687 -0.391434972513 -0.379629178665 -0.358234374257 -0.324772797723 -0.276868575523 -0.228558698235 -0.189233900675 -0.150187322857 -0.0966926669131 -0.0343268933928 0.0391256113018 0.125480906412 0.224181556111 0.317512668579 0.425326455672 0.472728189129 0.503619542020 0.533616474638 0.541719030610 0.524150374737 0.504759291192 0.479437965842 0.465659890661 0.416698280761 0.367458061383 0.333240402265 0.312331461515 0.290855112441 0.274964954153 0.262705314884 0.264299275589 0.274855206779 0.295198220057 0.330245316781 0.377834341895 0.368778267411 0.373197777705 0.392639953731 0.389463956547 0.397390671590 0.413189499212 0.424606030043 0.422825911619 0.430796121174 0.449212960221 0.464508344198 0.493966662367 0.534667378209 0.579162155826 0.534034393362 0.491275827077 0.463412285712 0.426381303370 0.400145279138 0.386785941799 0.387531715125 0.387001800607 0.372444236830 0.372776270175 0.388075243201 0.397456901530 0.420842039573 0.393178762512 0.376523555822 0.362464805485 0.299419760471 0.236627348423 0.164456649640 0.106853039387 0.0562796661149 -0.00181427502529 -0.0901737377200 -0.163902616902 -0.223306071626 -0.268447191723 -0.301118790915 -0.320068138434 -0.327582232480 -0.337048708212 -0.333392631269 -0.315636542785 -0.290216656069 -0.275149379818 -0.257336097541 -0.225611536304 -0.189127497799 -0.174560251788 -0.146148018102 -0.111292306140 -0.107363150412 -0.103621244203 -0.0854205529293 -0.0696668711570 -0.0483216193240 -0.0267064306466 -0.0162948645953 0.00689800410328 -0.0309926941759 -0.0736935455025 -0.103331495209 -0.118899558927 -0.120322165722 -0.113150912703 -0.0913556593689 -0.0899093706340 -0.0784273641906 -0.0547483667439 -0.0165827885662 0.0275451818334 0.0638247017457 0.110780802746 0.172154634359 0.205188220054 0.252985968426 0.315699786805 0.388621249380 0.474104188905 0.520626044732 0.576472904592 0.645440456131 0.723155220792 0.797119440790 0.874132995728 0.966420014677 1.06985308826 1.18852372270 1.30742403635 1.40438590336 1.50588305023 1.46072094983 1.42813701037 1.40345924972 1.39451403631 1.39381510687 1.40555570354 1.42636055250 1.46039073689 1.48856162063 1.53062447239 1.58636692206 1.65729583490 1.74263416352 1.82275449215 1.87006900148 1.93313347343 1.90038715656 1.87030825567 1.85614542713 1.85525611941 1.78452384184 1.72962761468 1.68939845154 1.66368842014 1.64450608459 1.63690558907 1.61649058596 1.61027087585 1.59627552223 1.56469645825 1.54793434129 1.49989369381 1.46694094993 1.44853470102 1.43761323357 1.44237759909 1.45966244997 1.47058380542 1.40679990182 1.34288738548 1.28817638752 1.24209313269 1.20021274215 1.15370023819 1.12241576608 1.09663532710 1.08620776277 1.09098135392 1.06741925346 1.05732806659 1.04030289039 1.01081016318 0.993713305175 0.983846576630 0.983627483573 0.945758867314 0.899196838227 0.867973664447 0.838868289851 0.822838911066 0.815123009870 0.808687395351 0.805290531102 0.798941365310 0.803741577140 0.812738605866 0.792837726625 0.774547957032 0.770445376255 0.775192618016 0.790520849521 0.821027682175 0.866487469957 0.909650389491 0.968020482165 1.00831661402 1.04603854205 1.01645169893 1.00162207755 0.999323802716 1.01243910107 1.02946750017 1.05100503232
