# Number of parameters = 116  Objective function value = -218.033  Maximum gradient component = 4.14475e-05
# r:
0.315205084299
# beta:
0.233829828401
# log_binit:
5.34282271181
# q:
0.197593928983
# m:
2.03760508996
# effort_devs:
 -0.0535076998091 -0.0372500868840 -0.0178891217414 0.0861882958304 -0.00294644677274 0.0785473922358 0.137990042962 0.0233493967088 0.0282465768287 0.0399225344786 0.0561908608003 0.0851501474648 0.185378462840 0.0769714807593 0.0482818842083 0.00555983811616 -0.0171654383677 -0.0932782742504 -0.122616611336 -0.157049528624 -0.0737791973513 0.0797757491783 0.0805246187687 -0.0457381422752 0.00898229660047 -0.170414576346 -0.106469747377 -0.0543018487281 -0.0189726593846 -0.0383326156597 -0.0778372072682 -0.0912666510243 -0.0862088597454 -0.0518130281705 0.0154801062369 0.0706948701540 0.127701488306 0.108337534828 0.139999722808 0.167423455142 0.138472673040 -0.0304466543233 -0.0744793546755 -0.0880562120836 -0.266809802830 -0.214714249090 -0.187198118317 -0.211083106258 -0.00939800910464 0.133811494701 0.0577665830808 0.0793624138986 0.113741874375 0.121079286535 0.0710911656824 0.0330010012287
# k_devs:
 -8.46238500518e-06 -4.88727289341e-05 -0.000107561043798 -0.000155833863950 -0.000153465547241 -0.000138446706419 -5.16598470561e-05 0.000118543355931 0.000297668744976 0.000492273934849 0.000718011746756 0.000994755127338 0.00136885789536 0.00189552982469 0.00247701255121 0.00307964022443 0.00367523135734 0.00422929935767 0.00466660923740 0.00494796521758 0.00506038687023 0.00512679127841 0.00529679983181 0.00553536057605 0.00573526203997 0.00589129513466 0.00583046958719 0.00563313123511 0.00537598579063 0.00510451879913 0.00480815138150 0.00446931711459 0.00408945717950 0.00370081826353 0.00335801246297 0.00310835279290 0.00297441212285 0.00296187017410 0.00303655694470 0.00319189497996 0.00340738567990 0.00363183425224 0.00379436855320 0.00389007966695 0.00389164298483 0.00371876124193 0.00339298288357 0.00291455835271 0.00230575648633 0.00171541365447 0.00121267020994 0.000754430302478 0.000381298676341 0.000138206904604 3.00792576660e-05
