# Number of parameters = 7  Objective function value = 186.732  Maximum gradient component = 6.59929e-05
# beta:
 -5.99026 0.622218 -0.471083 0.531933
# log_sigma:
1.00155458017
# log_sigma_lV:
-1.76674982478
# log_sigma_lCl:
-1.48125721391
# u_lCl:
 -0.0400737360148 -0.155002893685 0.235679344820 -0.0788957425650 0.217160758501 -0.0464538979311 0.0563297940245 0.00879552088581 -0.186508941009 0.0455115368389 0.127472888381 -0.00170826462139 -0.163158704856 0.170730149712 0.0649520555936 -0.132907646926 -0.114118711225 0.415638325112 0.0343448772403 0.0176585483383 0.00713585252846 0.00710008802655 0.0217396223888 0.0848855946725 -0.0671585327626 -0.243765725457 -0.0416241761755 0.000254660737163 -0.0145938460850 0.103640649100 -0.000665559992171 0.0626001760388 -0.0360290209971 -0.00671238871969 -0.285590589869 0.242107820195 0.00684500114538 0.175698004036 0.138335429388 0.00196987100937 0.0453027963636 0.204880225147 -0.00262466242167 0.0977757130508 -0.0120694617335 -0.000270714615533 -0.0160575816396 -0.494780365283 0.0104385510477 0.0457762139205 0.0101826758310 0.138179782024 -0.0822913327503 -0.160937735107 0.116993904116 -0.0232429415613 0.0585989624760 0.0626612082078 -0.127557319482
# u_lV:
 0.0253408664385 -0.123588807236 0.180251037145 -0.0964899863885 0.289720896608 0.111569169409 -0.00994484142260 -0.202076445689 -0.0640231975013 0.0542571459959 0.370104354861 0.0597272028962 -0.174590724872 -0.114504190112 0.0834742944294 0.00462003729809 -0.0588138706383 0.0818218926846 0.0363969181196 -0.0780309649925 0.0125969271734 -0.00983873522456 -0.173965785662 0.0110049343623 0.167374124309 -0.292880192074 -0.202612117533 0.0134760591508 -0.0373417924599 0.113983991576 -0.0762605743931 0.118130976592 -0.00997114360506 -0.0103162914691 -0.197464286856 0.0296847181110 0.0202759694044 0.106974002784 0.0465059882192 0.146687343538 0.183384442753 0.314192290813 -0.146213044854 0.0880730446780 -0.0217328320481 -0.0192182931495 -0.0538116946426 -0.245079948172 0.130467514384 -0.289767030476 0.0719032896157 -0.279521992289 -0.0234945983106 -0.166345511953 0.249904776560 -0.136525441395 0.0411138298945 -0.0857533872179 -0.137683009590
