     5.14864e+01
    4.728953e+01
    7.445006e+00
    1.109426e+01
    8.949351e+00
    2.625657e+01
    9.710808e+00
    4.001607e+01
    5.285185e+01
    5.934769e+01
    3.018233e+01
     2.67887e+01
    1.264942e+01
    1.595852e+01
    4.499507e+01
       6.271e+01
    4.082854e+01
      4.2307e+01
    4.804718e+01
    3.593966e+01
    1.175321e+01
     3.21283e+01
    3.811309e+01
    6.050334e+01
    5.562101e+01
    9.225677e+00
     5.74689e+01
    2.814023e+01
    4.940765e+01
    4.630528e+01
    1.419757e+01
    2.479268e+01
    4.152976e+01
    1.305653e+01
    4.088178e+01
    1.054395e+01
    3.173297e+01
    2.752692e+01
    3.155861e+00
    5.158064e+01
    4.938159e+01
    4.935403e+01
    3.865113e+01
    5.370151e+01
    1.136026e+01
    2.965672e+01
    5.461965e+01
     4.72572e+00
    5.305943e+01
    3.887303e+01
    3.490408e+01
    3.011024e+01
    6.034996e+01
    4.510502e+01
     2.78775e+01
     9.22297e+00
    3.433675e+01
    4.359868e+01
    4.648988e+01
    7.015154e+00
    6.848739e+00
     5.37522e+01
    5.500044e+01
    5.601306e+01
    5.274309e+01
    2.120051e+01
    5.653828e+01
    6.686269e+01
    1.291944e+01
    5.212986e+01
    5.055418e+01
    5.131341e+01
    2.692174e+01
    8.859688e+00
    2.809716e+01
    5.527488e+01
    4.227922e+01
    2.859808e+01
    4.413668e+01
    3.402595e+01
    4.002949e+01
    5.385517e+01
    1.077472e+01
    5.179598e+01
    4.714444e+01
    8.692536e+00
     6.01919e+01
    5.778936e+01
    2.721626e+01
    5.537074e+01
    2.921008e+01
    3.570523e+01
    2.334026e+01
    3.160571e+01
      1.0013e+01
    2.936838e+01
    4.945896e+01
     3.90897e+01
    4.803838e+01
    3.365019e+01
    4.739952e+01
    5.847247e+01
     4.81477e+01
    4.422859e+01
    3.922154e+01
    2.791543e+01
    2.611926e+01
    1.325773e+01
    2.526374e+01
    2.365925e+01
    1.184234e+01
    2.293288e+01
    4.449727e+01
    1.005104e+01
    5.580305e+01
    2.922389e+01
    5.787403e+01
    5.735259e+01
    3.308574e+01
    3.345651e+01
     4.41743e+01
    1.207692e+01
    4.269839e+01
    4.962623e+01
    4.690979e+01
    8.931809e+00
    3.361337e+01
    3.257429e+01
    4.075507e+00
    6.534989e+00
    1.379557e+01
    3.593208e+01
    5.652542e+01
    1.943838e+01
    5.057552e+01
    1.774815e+01
    3.017317e+01
    5.111384e+01
    2.933871e+01
    5.451205e+01
    6.026771e+01
    4.353516e+01
    6.797238e+00
    5.050899e+01
    5.448365e+01
    5.357297e+01
    1.497216e+01
    5.911201e+01
    5.059542e+01
    2.737188e+01
    7.159334e+01
    1.233105e+01
    4.386375e+01
    4.962356e+01
    2.850976e+01
    8.984233e+00
    5.330482e+01
    4.637936e+01
     4.82833e+01
    1.129115e+01
    6.265542e+00
    2.584378e+01
    6.291755e+01
    5.392841e+01
    3.878531e+01
    3.171096e+01
    4.345252e+01
    6.075607e+01
    5.552663e+01
    3.293806e+01
    4.389086e+01
    5.725513e+01
     7.23498e+01
    5.841474e+01
     3.05035e+01
    4.388367e+01
    7.400476e+00
    2.568401e+01
    3.152499e+01
     3.80696e+01
    6.322699e+00
    1.865395e+01
    4.125119e+01
     3.08141e+01
    2.628785e+01
    9.790785e+00
    7.601989e+00
    2.998064e+00
    4.070427e+01
    2.972027e+01
    3.122258e+01
    5.782647e+01
    3.705007e+01
    6.032268e+01
    4.786743e+01
    4.299157e+01
    4.903629e+01
    1.595523e+01
    6.743561e+00
      2.9326e+01
