# Number of parameters = 12  Objective function value = 1372.35  Maximum gradient component = 0.000118086
# gamma:
 -1.68297 -0.212063 0.168203
# log_psi:
3.16343996644
# alpha:
 17.9484459971 0.225058742663
# log_theta:
1.93888953263
# lambda:
-0.128074740168
# beta:
 -1.92463393716 -0.254510508146 0.0395780287976 -0.0288236127480
# u:
 0.258498533183 -1.04315431244 0.0318292281649 0.213538199038 -0.179198166387 -0.578890281313 -0.0150355999318 -0.00273060633572 0.0174288870289 0.507330852004 -0.623523055015 2.85724801454 0.726472626480 -0.797463983689 -0.465039507712 -0.129904311065 1.39110657746 -0.0750323788273 -0.301788272644 -0.204297491312 1.03036773377 -0.173283903028 -0.967186029440 -0.373924601792 -0.805169913420 -0.809521883875 1.85120136752 0.728637867794 -0.402705658642 -0.918157514407 -0.0199450175970 -0.513084800376 -0.293260929668 -0.109594835120 -0.402330875559 0.451642539745 -0.288823115677 0.688911523285 -0.325772978328 0.372988546937 -0.532799354091 0.336380046093 0.401978186699 0.152467515513 0.557860766697 -0.916783061336 0.206049431772 0.130253557976 0.0940553931419 -0.134033804028 0.112007569771 4.78880305393 1.32642436124 -0.793230911554 0.174582111139 0.334344681549 0.405130676995 -0.981750085491 0.0917039091890 -0.0882246322377 1.56550048193 -0.515079227342 -0.126746751562 0.745250473608 0.538872306310 -0.680105020202 0.123246158692 -0.116230248454 -0.462193350154 -1.14397934298 0.251241482195 -0.0466236145734 0.241660769399 -0.353341823315 -0.211252111358 -1.03297504926 0.256210542016 0.215316463060 -0.0899497707544 -0.774878681900 1.11979587592 0.537593335021 -1.08754651163 -0.230901379698 0.276599798030 -0.0671389631352 -0.121712757889 -0.431150202689 -0.476214853365 0.0524024393701 -0.674940523498 -0.373935219625 1.21026777399 -0.174367505643 -0.652972601509 -0.00102596060488 0.321982071444 -0.431121014433 -1.30438944590 -1.13846438226 -0.828894239940 0.217241722608 -0.134534208887 -0.228883167063 1.09557207137 0.886468865096 0.238967304577 -0.00253352405574 0.558662163514 0.227705136599 -0.846186254107 -0.917269119812 0.251103633693 -0.736704892641 -0.700727519677 -1.44756360989 -0.537274715852 -0.602076661557 1.22039441145 0.338075908391 0.448076342631 -0.723995792568 -1.42520071748 0.252794835160 -0.274620767915 -0.198102448371 -1.23269863583 0.266342678559 0.0729114390072 -0.938555979381 -0.620648172232 -0.140447722162 0.0170590820911 0.0187669074575 -1.35867766472 -0.595476899737 1.74626229382 0.171852789729 -0.788436092406 -0.0582349401487 -0.202924553822 -0.490785309444 -0.920453872044 2.70037571852 1.23569644170 0.100834597122 -0.319786834785 -0.378842331227 1.16022369246 1.65576888573 -0.668118472100 1.43790805725 0.154988955430 -0.118306159708 0.297267866148 -0.133477583506 0.139657346739 0.355088570886 -0.00655812726788 0.253370242758 -0.0302975531429 -0.502656950928 0.713684986806 -0.631387498856 -0.682339456898 1.12963948586 0.515462822991 0.514286828252 -0.434671661578 1.05812925630 0.350999891430 -0.0774528014592 -0.354001676103 -0.360880084914 0.262114540328 0.547202727561 0.353213903067 -0.482694482484 -0.980443417238 0.373946541504 0.568676255400 -1.59133474786 1.05986262742 0.255780850097 1.74817353745 -0.940241678773 -0.475474390906 -0.533343972758 -0.349374908344 -0.0839099483331 0.737567800854 0.722154978049 0.137338666446 -1.01045741665 0.344300570147 -0.00377194452958 0.581402763951 0.392243326353 0.319775026152 0.680639957223 1.30572364121 -0.0270126616087 0.332849959976 1.24836142997 1.34343032478 0.949068273653 0.913723602569 1.82129770051 5.55997831281 -0.347884129370 -0.615012869894 -0.685989741541 0.432925391401 0.584647287385 -0.801243879521 -0.739390335273 -0.104986994401 -1.01303056966 0.930225988462 -0.781701030657 -0.375456399241 0.323836999359 -0.895994764021 0.00258950703795 -1.42057565229 1.24396147725 -1.09225407870 -0.760049801002 3.30071291309 -0.803741561988 -0.413804095453 0.190731749324 0.118008082449 1.00582880807 1.58429383868 0.892865879928 -0.403045497456 -0.148327482832 -0.0184888466312 -0.572440755800 -0.0861024364011 -0.850014899482 -1.39926404429 -0.567077824614 -0.127475601557 -0.809262214070 -0.212297147708 0.0919060081097 0.296154138260 0.197894988542 0.340788119204 -0.270706452417 2.18067115976 -0.629783434194 1.33082490888 -0.142447862079 -1.12368032872 1.79982983066 -0.0272087309040 -1.19719990449 -0.722187482857 -0.338260519447 0.248198239794 -0.991818494907 -0.632565132633 -0.433570358776 -0.752862767761 -1.76369119039 -0.691323622636 -0.485115801301 -0.211756103992 -0.517852197172 -0.0938016142985 -1.02954769731 -1.09300606733 0.325962370077 0.499364397830 -1.44142843056 -0.108760982704 0.442127723955 -0.941515312824 0.694998227437 0.421018650392 -0.199167248390 -0.368603424186 -0.139741467991 1.12643843840 1.56193211392 -0.337885052230 0.0628692127859 0.198529816403 2.94489313683 0.258474640440 -0.652774472331 -0.0756497681624 -0.282523835209 0.454150242017 -0.248800269093 0.0680153915690 -0.858513842533 -1.02882069958 -1.00446163412 -0.646734156169 1.40550760993 -1.56062180065 -0.126309816043 -0.255804881936 -0.177163658356 -0.278628491096 -0.775540264038 -0.455832497374 -0.545411483953 -1.35212384750 -0.339375321257 -1.06773372797 -0.365377146873 -0.435502800345 -0.577560152351 0.0699951633921 0.175717888856 -1.08114510970 0.634605994210 1.61135958361 1.19629228792 0.162607102219 1.55626775505 -0.190311523541 0.0231836383175 -0.953370034462 -0.438352417202 -1.43712783686 0.755710766444 -0.879650224408
