# "glmmadmb.dat" produced by dat_write() from ADMButils; Wed Jun 29 16:02:58 2011
# n 
 200 

# p_y 
 1 

# y 
0
0
0
1
1
0
0
0
1
0
1
1
1
0
0
0
1
0
0
0
0
1
0
1
3
0
0
1
0
1
0
2
1
0
0
1
2
1
0
0
5
1
8
3
8
8
6
4
3
4
3
7
4
6
3
9
4
6
3
5
2
0
0
1
0
2
1
0
2
1
0
0
1
0
1
0
1
1
1
0
2
1
1
1
1
1
0
0
1
1
0
1
0
0
1
1
2
0
1
2
11
10
2
6
6
4
9
8
6
5
6
7
1
5
5
6
8
9
5
3
0
0
0
0
0
0
0
0
0
0
1
0
0
1
0
1
0
0
0
1
3
2
4
2
2
2
3
1
2
4
4
3
5
3
3
2
3
4
1
3
3
1
0
0
0
1
0
5
1
1
2
0
2
1
1
2
2
1
4
3
1
0
2
1
2
1
0
0
1
0
2
3
0
3
0
0
5
1
0
3

# p 
 2 

# X 
1 0.445006332360208
1 0.790651923744008
1 0.612035629106686
1 0.226991288829595
1 0.373631260357797
1 0.711239757249132
1 0.971629983047023
1 0.641677930951118
1 0.357620068825781
1 0.891636593732983
1 0.616329201497138
1 0.880084745120257
1 0.559082742314786
1 0.498721360228956
1 0.056898292619735
1 0.313617991516367
1 0.631653174757957
1 0.826840162044391
1 0.929756022291258
1 0.511268405709416
1 0.278167180716991
1 0.541799310129136
1 0.709995414596051
1 0.046266206074506
1 0.813517175382003
1 0.203739378601313
1 0.505963728297502
1 0.0202129564713687
1 0.919214582303539
1 0.950807719258592
1 0.430011702701449
1 0.611117474501953
1 0.459438123973086
1 0.0510293182451278
1 0.421490457141772
1 0.323269125074148
1 0.979756748536602
1 0.262288572499529
1 0.345070843119174
1 0.592708245618269
1 0.160067432792857
1 0.366663247579709
1 0.258611537516117
1 0.220361380837858
1 0.548071668716148
1 0.192045121919364
1 0.934316905215383
1 0.937399649294093
1 0.0840741281863302
1 0.39530797326006
1 0.67812265525572
1 0.603564239107072
1 0.739353573648259
1 0.585131156723946
1 0.915109000168741
1 0.775895910570398
1 0.606056076707318
1 0.41410579206422
1 0.194735003169626
1 0.825057763140649
1 0.115405891323462
1 0.106913602910936
1 0.268082585884258
1 0.754592098528519
1 0.633759030839428
1 0.749184384010732
1 0.261717701796442
1 0.807946844492108
1 0.611905933590606
1 0.467408478725702
1 0.335485818563029
1 0.103044673800468
1 0.314413660904393
1 0.398250753292814
1 0.966873662546277
1 0.00815694686025381
1 0.0869356866460294
1 0.553859550505877
1 0.301770434249192
1 0.880902487318963
1 0.268820473691449
1 0.0564808710478246
1 0.940469261491671
1 0.842768108472228
1 0.674005656968802
1 0.500218353234231
1 0.156167313456535
1 0.544369155541062
1 0.263036823598668
1 0.234035660512745
1 0.686224307166412
1 0.260270358528942
1 0.607591858366504
1 0.843107019318268
1 0.367725838907063
1 0.909162457333878
1 0.841290942626074
1 0.718656348297372
1 0.652381921187043
1 0.842928388155997
1 0.90759314619936
1 0.117799961240962
1 0.522636858513579
1 0.86749137728475
1 0.558683838928118
1 0.908780722180381
1 0.897718880092725
1 0.931498067919165
1 0.376321055227891
1 0.178027732530609
1 0.366042221197858
1 0.895367791410536
1 0.179705229587853
1 0.627941806102172
1 0.483017495600507
1 0.336019835667685
1 0.787399927387014
1 0.822091897483915
1 0.384263003012165
1 0.393382408190519
1 0.23741801851429
1 0.882781040621921
1 0.190882908646017
1 0.113980364985764
1 0.382782227359712
1 0.0877914424054325
1 0.403279359452426
1 0.415390751790255
1 0.847339439205825
1 0.00211849017068744
1 0.224005088442937
1 0.860932177864015
1 0.710543085588142
1 0.238069493090734
1 0.824291196418926
1 0.620307556353509
1 0.420822889311239
1 0.0375009528361261
1 0.998455084627494
1 0.641905285418034
1 0.517931624315679
1 0.0117787150666118
1 0.122250898974016
1 0.0843996317125857
1 0.533425214001909
1 0.63249429082498
1 0.521122182020918
1 0.115298766409978
1 0.824828749522567
1 0.0656629444565624
1 0.947237613378093
1 0.456426905002445
1 0.406902753282338
1 0.489740744465962
1 0.818986508063972
1 0.540659567341208
1 0.120320487534627
1 0.479746154043823
1 0.0858810574281961
1 0.0364397682715207
1 0.925449528265744
1 0.193099190015346
1 0.454865012317896
1 0.106169002363458
1 0.866810459643602
1 0.831205152440816
1 0.388409931678325
1 0.828864044975489
1 0.586591611383483
1 0.27808639081195
1 0.0999184790998697
1 0.323462060187012
1 0.942262507043779
1 0.325209161033854
1 0.5051597696729
1 0.572162009775639
1 0.835436845431104
1 0.0541362108197063
1 0.466817729640752
1 0.205069061135873
1 0.154365614056587
1 0.473979418864474
1 0.444107498275116
1 0.520216558594257
1 0.705980540718883
1 0.638242496643215
1 0.970673490548506
1 0.886476515326649
1 0.916393170133233
1 0.664832165231928
1 0.692905667703599
1 0.835025842767209
1 0.652117072371766
1 0.620450604939833
1 0.661932673305273
1 0.933986973250285
1 0.700220922939479
1 0.987236787332222
1 0.0995945003814995
1 0.639302441151813

# M 
 1 

# q 
 10 

# m 
 1 

# ncolZ 
 1 

# Z 
1
1
1
1
1
1
1
1
1
1
1
1
1
1
1
1
1
1
1
1
1
1
1
1
1
1
1
1
1
1
1
1
1
1
1
1
1
1
1
1
1
1
1
1
1
1
1
1
1
1
1
1
1
1
1
1
1
1
1
1
1
1
1
1
1
1
1
1
1
1
1
1
1
1
1
1
1
1
1
1
1
1
1
1
1
1
1
1
1
1
1
1
1
1
1
1
1
1
1
1
1
1
1
1
1
1
1
1
1
1
1
1
1
1
1
1
1
1
1
1
1
1
1
1
1
1
1
1
1
1
1
1
1
1
1
1
1
1
1
1
1
1
1
1
1
1
1
1
1
1
1
1
1
1
1
1
1
1
1
1
1
1
1
1
1
1
1
1
1
1
1
1
1
1
1
1
1
1
1
1
1
1
1
1
1
1
1
1
1
1
1
1
1
1
1
1
1
1
1
1

# II 
1
1
1
1
1
1
1
1
1
1
1
1
1
1
1
1
1
1
1
1
2
2
2
2
2
2
2
2
2
2
2
2
2
2
2
2
2
2
2
2
3
3
3
3
3
3
3
3
3
3
3
3
3
3
3
3
3
3
3
3
4
4
4
4
4
4
4
4
4
4
4
4
4
4
4
4
4
4
4
4
5
5
5
5
5
5
5
5
5
5
5
5
5
5
5
5
5
5
5
5
6
6
6
6
6
6
6
6
6
6
6
6
6
6
6
6
6
6
6
6
7
7
7
7
7
7
7
7
7
7
7
7
7
7
7
7
7
7
7
7
8
8
8
8
8
8
8
8
8
8
8
8
8
8
8
8
8
8
8
8
9
9
9
9
9
9
9
9
9
9
9
9
9
9
9
9
9
9
9
9
10
10
10
10
10
10
10
10
10
10
10
10
10
10
10
10
10
10
10
10

# cor_flag 
 0 

# cor_block_start 
 1 

# cor_block_stop 
 1 

# numb_cor_params 
 1 

# like_type_flag 
 0 

# link_type_flag 
 0 

# rlinkflag 
 1 

# no_rand_flag 
 0 

# zi_flag 
 0 

# zi_kluge 
 0 

# intermediate_maxfn 
 10 

# has_offset 
 0 

# offset 
 0 0 0 0 0 0 0 0 0 0 0 0 0 0 0 0 0 0 0 0 0 0 0 0 0 0 0 0 0 0 0 0 0 0 0 0 0 0 0 0 0 0 0 0 0 0 0 0 0 0 0 0 0 0 0 0 0 0 0 0 0 0 0 0 0 0 0 0 0 0 0 0 0 0 0 0 0 0 0 0 0 0 0 0 0 0 0 0 0 0 0 0 0 0 0 0 0 0 0 0 0 0 0 0 0 0 0 0 0 0 0 0 0 0 0 0 0 0 0 0 0 0 0 0 0 0 0 0 0 0 0 0 0 0 0 0 0 0 0 0 0 0 0 0 0 0 0 0 0 0 0 0 0 0 0 0 0 0 0 0 0 0 0 0 0 0 0 0 0 0 0 0 0 0 0 0 0 0 0 0 0 0 0 0 0 0 0 0 0 0 0 0 0 0 0 0 0 0 0 0 

