 79 -16.8789 -16.8789
 89 16.2373 -16.2373
 83 -14.3648 -14.3648
 19 12.4038 -12.4038
 73 12.3938 -12.3938
 88 10.971 -10.971
 99 -9.83255 -9.83255
 59 9.70887 -9.70887
 93 9.56172 -9.56172
 53 -9.20729 -9.20729
 13 -8.67356 -8.67356
 98 -8.18209 -8.18209
 69 8.15056 -8.15056
 86 -7.71836 -7.71836
 58 7.45626 -7.45626
 39 -7.25359 -7.25359
 71 7.24759 -7.24759
 78 -7.0687 -7.0687
 9 -6.93507 -6.93507
 80 6.54946 -6.54946
 33 6.52085 -6.52085
 63 -6.1277 -6.1277
 81 -5.98878 -5.98878
 96 5.96724 -5.96724
 20 -5.92448 -5.92448
 23 5.77662 -5.77662
 10 5.77374 -5.77374
 28 -5.67923 -5.67923
 56 -5.45827 -5.45827
 11 -5.44246 -5.44246
 29 -5.43627 -5.43627
 38 -5.15283 -5.15283
 76 4.78658 -4.78658
 18 4.3219 -4.3219
 231 4.1843 -4.1843
 26 4.00668 -4.00668
 74 3.712 -3.712
 1 3.68769 -3.68769
 68 3.6057 -3.6057
 3 3.58379 -3.58379
 36 3.5657 -3.5657
 51 -3.48527 -3.48527
 61 -3.40295 -3.40295
 91 3.34317 -3.34317
 70 -3.12085 -3.12085
 14 -3.04525 -3.04525
 84 -2.78977 -2.78977
 16 -2.72515 -2.72515
 82 2.6782 -2.6782
 31 2.62534 -2.62534
 92 -2.62389 -2.62389
 400 -2.57838 -2.57838
 394 2.4152 -2.4152
 52 2.37355 -2.37355
 66 -2.35867 -2.35867
 87 2.3273 -2.3273
 90 -2.1517 -2.1517
 22 -2.11276 -2.11276
 4 2.07642 -2.07642
 201 1.91654 -1.91654
 392 1.84849 -1.84849
 97 -1.8439 -1.8439
 64 -1.76315 -1.76315
 2 1.70908 -1.70908
 21 1.67107 -1.67107
 57 1.58795 -1.58795
 397 -1.55666 -1.55666
 54 -1.38937 -1.38937
 27 -1.3829 -1.3829
 34 1.37201 -1.37201
 30 -1.34951 -1.34951
 32 -1.33635 -1.33635
 94 1.33524 -1.33524
 211 1.24231 -1.24231
 221 -1.20426 -1.20426
 37 -1.13244 -1.13244
 241 1.11235 -1.11235
 77 -1.04908 -1.04908
 213 -0.981992 -0.981992
 95 -0.967544 -0.967544
 222 0.955188 -0.955188
 228 0.926179 -0.926179
 85 0.908746 -0.908746
 395 0.845166 -0.845166
 232 -0.83616 -0.83616
 55 0.817546 -0.817546
 25 -0.773106 -0.773106
 40 0.757729 -0.757729
 210 0.755641 -0.755641
 209 -0.753379 -0.753379
 271 -0.749627 -0.749627
 396 0.748422 -0.748422
 245 0.688058 -0.688058
 253 -0.687247 -0.687247
 5 0.662426 -0.662426
 67 0.656957 -0.656957
 223 -0.653063 -0.653063
 43 0.631101 -0.631101
 285 -0.592442 -0.592442
 243 -0.581655 -0.581655
 208 0.579411 -0.579411
 282 -0.576337 -0.576337
 202 0.528929 -0.528929
 262 -0.523498 -0.523498
 248 -0.513125 -0.513125
 17 0.497058 -0.497058
 7 0.47085 -0.47085
 48 -0.467165 -0.467165
 24 0.46489 -0.46489
 12 -0.461109 -0.461109
 242 -0.449403 -0.449403
 240 0.438265 -0.438265
 35 -0.437396 -0.437396
 215 -0.431872 -0.431872
 227 0.429226 -0.429226
 238 -0.423234 -0.423234
 254 -0.397681 -0.397681
 269 -0.379883 -0.379883
 100 -0.378215 -0.378215
 224 -0.367007 -0.367007
 399 0.359225 -0.359225
 49 -0.356128 -0.356128
 15 -0.353806 -0.353806
 265 0.346589 -0.346589
 205 -0.339633 -0.339633
 255 -0.339367 -0.339367
 206 -0.330079 -0.330079
 251 0.320181 -0.320181
 289 -0.31432 -0.31432
 275 -0.312948 -0.312948
 204 0.312466 -0.312466
 286 -0.311284 -0.311284
 281 -0.287566 -0.287566
 273 0.275229 -0.275229
 233 -0.265388 -0.265388
 284 0.26481 -0.26481
 234 0.26411 -0.26411
 252 0.260198 -0.260198
 235 -0.257478 -0.257478
 258 -0.25663 -0.25663
 216 0.255274 -0.255274
 203 -0.250686 -0.250686
 42 -0.244996 -0.244996
 391 -0.244261 -0.244261
 278 0.233927 -0.233927
 219 0.23231 -0.23231
 230 -0.230982 -0.230982
 266 -0.22989 -0.22989
 270 -0.222655 -0.222655
 229 -0.214961 -0.214961
 263 0.207527 -0.207527
 250 0.20642 -0.20642
 256 0.199656 -0.199656
 62 0.196589 -0.196589
 239 -0.190884 -0.190884
 214 -0.190156 -0.190156
 277 -0.189836 -0.189836
 236 -0.18616 -0.18616
 237 -0.17451 -0.17451
 260 0.172446 -0.172446
 217 0.170977 -0.170977
 261 0.158474 -0.158474
 212 -0.150223 -0.150223
 283 -0.145351 -0.145351
 246 0.144545 -0.144545
 60 -0.140898 -0.140898
 45 0.137126 -0.137126
 257 -0.135751 -0.135751
 264 -0.128764 -0.128764
 294 -0.127532 -0.127532
 46 0.12242 -0.12242
 292 -0.120518 -0.120518
 295 -0.11119 -0.11119
 291 0.109677 -0.109677
 218 0.109228 -0.109228
 267 0.107154 -0.107154
 274 -0.105776 -0.105776
 72 -0.103852 -0.103852
 300 0.101994 -0.101994
 280 -0.100959 -0.100959
 6 -0.0964986 -0.0964986
 393 0.0955468 -0.0955468
 276 0.0931846 -0.0931846
 47 -0.0930728 -0.0930728
 259 -0.0897728 -0.0897728
 50 -0.0830847 -0.0830847
 225 -0.0826546 -0.0826546
 279 -0.078806 -0.078806
 268 0.0781136 -0.0781136
 247 -0.0779978 -0.0779978
 65 -0.0756902 -0.0756902
 287 -0.0736706 -0.0736706
 8 0.070352 -0.070352
 398 -0.0666009 -0.0666009
 389 0.0661942 -0.0661942
 207 -0.062036 -0.062036
 75 0.0582044 -0.0582044
 249 -0.049904 -0.049904
 244 -0.0492426 -0.0492426
 44 0.039348 -0.039348
 375 0.035664 -0.035664
 296 -0.035393 -0.035393
 41 -0.0327172 -0.0327172
 288 0.0302813 -0.0302813
 293 -0.0281769 -0.0281769
 297 0.0264213 -0.0264213
 386 0.0250205 -0.0250205
 385 0.0249347 -0.0249347
 226 -0.0240754 -0.0240754
 272 -0.0197129 -0.0197129
 384 -0.0195496 -0.0195496
 380 0.0191492 -0.0191492
 290 -0.0190373 -0.0190373
 374 0.0182005 -0.0182005
 354 0.0161534 -0.0161534
 114 -0.0156756 -0.0156756
 370 0.0152921 -0.0152921
 365 -0.015195 -0.015195
 378 -0.0149364 -0.0149364
 382 0.0145408 -0.0145408
 104 -0.0131837 -0.0131837
 299 -0.0119222 -0.0119222
 194 0.010958 -0.010958
 377 0.0108947 -0.0108947
 367 -0.0103879 -0.0103879
 120 0.0100301 -0.0100301
 184 0.00929603 -0.00929603
 376 -0.00929205 -0.00929205
 379 0.00910793 -0.00910793
 171 -0.00815196 -0.00815196
 191 -0.00814337 -0.00814337
 187 -0.00782379 -0.00782379
 197 -0.00729398 -0.00729398
 381 0.00725867 -0.00725867
 124 -0.00712597 -0.00712597
 366 0.0071225 -0.0071225
 154 -0.0070218 -0.0070218
 110 0.00681922 -0.00681922
 134 -0.00673701 -0.00673701
 369 0.00667473 -0.00667473
 192 0.00653984 -0.00653984
 119 0.00640833 -0.00640833
 200 -0.00615663 -0.00615663
 355 0.00607016 -0.00607016
 147 -0.00585011 -0.00585011
 356 -0.00559308 -0.00559308
 357 0.00555527 -0.00555527
 112 -0.00545653 -0.00545653
 160 0.0054526 -0.0054526
 358 0.00539023 -0.00539023
 145 -0.00533531 -0.00533531
 190 -0.00529975 -0.00529975
 175 0.0052793 -0.0052793
 383 0.00521273 -0.00521273
 182 0.00519643 -0.00519643
 142 0.00507051 -0.00507051
 148 -0.00488137 -0.00488137
 152 -0.00487575 -0.00487575
 113 0.00487199 -0.00487199
 107 0.0048491 -0.0048491
 162 0.00480973 -0.00480973
 101 0.00480291 -0.00480291
 345 -0.00476402 -0.00476402
 387 0.00465886 -0.00465886
 164 0.00465735 -0.00465735
 102 -0.00456239 -0.00456239
 130 0.00434049 -0.00434049
 126 0.00426985 -0.00426985
 138 -0.00423235 -0.00423235
 364 0.00422012 -0.00422012
 181 -0.00410054 -0.00410054
 340 -0.00405309 -0.00405309
 360 -0.00403702 -0.00403702
 183 0.00394811 -0.00394811
 350 -0.00394161 -0.00394161
 108 -0.00393282 -0.00393282
 143 -0.00392217 -0.00392217
 196 -0.00386192 -0.00386192
 121 0.00385515 -0.00385515
 172 -0.00381226 -0.00381226
 167 -0.00380529 -0.00380529
 133 -0.00380089 -0.00380089
 176 -0.00373512 -0.00373512
 362 0.00361511 -0.00361511
 170 -0.00357671 -0.00357671
 373 -0.00349665 -0.00349665
 144 -0.00342948 -0.00342948
 116 0.00342464 -0.00342464
 137 -0.00341691 -0.00341691
 173 0.00322059 -0.00322059
 157 -0.00310085 -0.00310085
 111 0.00305356 -0.00305356
 122 -0.00289084 -0.00289084
 156 0.00285753 -0.00285753
 195 -0.00283803 -0.00283803
 186 -0.00276291 -0.00276291
 135 -0.00270517 -0.00270517
 298 0.00269717 -0.00269717
 140 0.00265968 -0.00265968
 151 -0.00263276 -0.00263276
 105 0.00262385 -0.00262385
 115 0.00260045 -0.00260045
 348 0.00258629 -0.00258629
 177 -0.00257209 -0.00257209
 178 -0.00251733 -0.00251733
 103 -0.00251466 -0.00251466
 198 -0.00243163 -0.00243163
 127 0.00240356 -0.00240356
 165 -0.00239073 -0.00239073
 132 0.00236285 -0.00236285
 149 -0.00227472 -0.00227472
 146 -0.00221675 -0.00221675
 337 0.00208137 -0.00208137
 123 -0.00207918 -0.00207918
 109 0.00201654 -0.00201654
 334 -0.00200063 -0.00200063
 106 0.00199931 -0.00199931
 129 0.00199141 -0.00199141
 359 0.00195326 -0.00195326
 199 -0.00186703 -0.00186703
 193 0.00183541 -0.00183541
 220 -0.00182818 -0.00182818
 168 -0.00178171 -0.00178171
 185 -0.00172434 -0.00172434
 390 0.00168915 -0.00168915
 336 0.00163577 -0.00163577
 128 -0.00160082 -0.00160082
 388 -0.001552 -0.001552
 139 -0.00154595 -0.00154595
 335 0.00152844 -0.00152844
 342 0.0014807 -0.0014807
 346 -0.0014622 -0.0014622
 161 -0.0013492 -0.0013492
 338 0.00133971 -0.00133971
 371 0.00125974 -0.00125974
 347 0.00124301 -0.00124301
 163 0.00119239 -0.00119239
 189 0.00117825 -0.00117825
 352 -0.00111891 -0.00111891
 166 -0.00105659 -0.00105659
 180 0.00105459 -0.00105459
 368 -0.000997143 -0.000997143
 158 0.000941599 -0.000941599
 343 0.000930439 -0.000930439
 327 -0.000923375 -0.000923375
 344 0.000910393 -0.000910393
 341 -0.000903402 -0.000903402
 363 -0.000885163 -0.000885163
 339 0.000867379 -0.000867379
 353 0.000865884 -0.000865884
 188 -0.000815172 -0.000815172
 141 -0.00081343 -0.00081343
 328 -0.000779308 -0.000779308
 136 -0.000731204 -0.000731204
 169 0.000619859 -0.000619859
 330 0.000616944 -0.000616944
 351 -0.000609121 -0.000609121
 150 0.000607654 -0.000607654
 153 0.000585895 -0.000585895
 117 -0.000559063 -0.000559063
 324 0.000502807 -0.000502807
 349 0.000481739 -0.000481739
 179 -0.000452712 -0.000452712
 174 0.000424184 -0.000424184
 316 -0.00041207 -0.00041207
 332 0.00037419 -0.00037419
 131 0.000313379 -0.000313379
 159 0.00028264 -0.00028264
 118 0.000271556 -0.000271556
 315 0.000228038 -0.000228038
 331 -0.000221827 -0.000221827
 317 -0.00020969 -0.00020969
 319 -0.000157614 -0.000157614
 361 -0.000154783 -0.000154783
 372 0.000150602 -0.000150602
 329 0.000141954 -0.000141954
 125 0.000138925 -0.000138925
 155 0.000131544 -0.000131544
 325 0.000131411 -0.000131411
 333 0.000126992 -0.000126992
 322 -0.000125298 -0.000125298
 323 9.96197e-05 -9.96197e-05
 326 8.97795e-05 -8.97795e-05
 314 6.9225e-05 -6.9225e-05
 313 6.17711e-05 -6.17711e-05
 318 -5.80181e-05 -5.80181e-05
 310 -5.10825e-05 -5.10825e-05
 321 2.61211e-05 -2.61211e-05
 308 -1.62119e-05 -1.62119e-05
 311 -1.437e-05 -1.437e-05
 309 1.18162e-05 -1.18162e-05
 312 8.41066e-06 -8.41066e-06
 305 6.91139e-06 -6.91139e-06
 306 3.70156e-06 -3.70156e-06
 320 3.29186e-06 -3.29186e-06
 307 3.11232e-06 -3.11232e-06
 304 -2.36363e-06 -2.36363e-06
 303 3.41009e-07 -3.41009e-07
 302 -3.13278e-07 -3.13278e-07
 301 -1.81249e-07 -1.81249e-07
