# Number of parameters = 8  Objective function value = -3561.84  Maximum gradient component = 2.65730e-06
# alpha:
2.01693550663
# beta:
0.207657849837
# M:
0.193800350255
# q:
1.04729006889
# R:
0.891520102124
# gam:
0.407143025374
# rho:
0.920000000000
# mean_recruit:
0.898290857517
# sd_recruit:
0.111901586513
# u:
 -0.113038003452 0.414717210238 0.731939411506 0.728641261773 0.207444549825 2.20261546243 1.34419404136 0.0868354823199 -0.967180345765 -1.14229175451 -0.466213674390 -0.329267771450 0.624602499087 -0.675871555284 -1.46860359586 0.942711135251 2.09296909584 0.193117684455 0.827933588726 0.932387329164 -0.231128016611 1.06669153325 0.829970269507 -0.869454595664 -1.79755976555 -2.01047931443 -1.57586602727 -2.16936891128 -0.436672149100 -0.622645788977 -0.405486932865 -0.505447847201 0.749441631572 2.06731645423 0.672474469661 0.235585878774 -0.196968077131 -2.18507322369 -0.590397094007 0.772188821230 0.845040486123 1.44110715490 0.488912548212 0.656207813228 0.570475734105 -1.28516902762 0.417480207009 0.768692183743 0.727252399908 0.823620448471 1.31996994431 0.954627613020 -0.233610390430 -1.77122611273 -1.41207418643 0.339641724578 -0.550806293452 -1.46205967265 0.361141963511 -0.310055437623 0.406002265563 -0.537488370245 1.09934134458 0.812525427162 -0.790819106098 -1.85038865132 -0.633690245053 -0.730946421807 0.0988414730753 -0.465438248152 0.944936119868 0.473331805702 -1.26097418018 -0.266919727588 -1.33956667859 -0.516558907639 -0.447727469797 1.50045634277 0.394140870703 0.820004558499 -0.642493943425 -0.938734588294 0.132238769216 -1.05163393753 -0.426400762906 0.700547218329 -0.129286868016 -1.14311738801 0.167683210913 1.08462168089 0.672209215674 -0.200263442708 1.58272515859 0.465317248667
