# n
 221 
# y
 -0.05035573 -0.06009706 -0.04190091 -0.0509847 -0.05991345 -0.02842392 -0.05958421 -0.03988881 -0.02939582 -0.03949445 -0.04764749 -0.06038 -0.03123034 -0.03816584 -0.07562269 -0.05001751 -0.0457295 -0.07766966 -0.02460641 -0.07133184 -0.01320746 -0.03162615 -0.03247478 -0.08840797 -0.07024166 -0.02877263 -0.03696702 -0.1015625 -0.06831373 -0.03175751 -0.05336819 -0.05726381 -0.02295515 -0.01479166 -0.02531885 -0.09538944 -0.08126108 -0.06473801 -0.04940004 -0.02453983 -0.004223316 -0.04692908 -0.0726426 -0.06375497 -0.04867571 -0.07902194 -0.05508392 -0.03600915 -0.00819836 -0.02991638 -0.05904417 -0.04349076 -0.1083667 -0.07164495 -0.1080431 -0.01144756 -0.09066497 -0.0743885 -0.08880716 -0.0724013 -0.03941208 -0.08413698 -0.04477778 -0.1486651 -0.08027266 -0.05482479 -0.01202489 0.0193486 -0.08389427 -0.04157477 -0.06109121 -0.06044325 -0.08220186 -0.07530349 -0.04480991 0.008222156 -0.06758809 -0.03249946 -0.02198146 -0.04232621 -0.07785213 -0.07806195 0.02690717 -0.09226096 -0.09159045 -0.004001756 -0.01818933 -0.02527617 -0.05842499 -0.05257305 -0.02606249 -0.1180877 -0.0526311 -0.04135148 -0.009199134 -0.08336644 -0.01253334 -0.06290332 -0.06018018 -0.1035686 -0.1261167 -0.03887012 -0.05654984 -0.07444842 -0.003788664 -0.0920397 -0.05517356 -0.1004337 -0.1694380 -0.06414184 -0.1867348 -0.09086006 -0.05918714 -0.0810351 -0.1034776 -0.06567394 -0.1821245 -0.0857127 -0.1216041 -0.1342692 -0.1933908 -0.1178639 -0.287109 -0.2739447 -0.1867194 -0.1891953 -0.2948625 -0.3711984 -0.2326753 -0.2719736 -0.2750204 -0.3105271 -0.3991572 -0.4256722 -0.5190272 -0.4245844 -0.3982711 -0.3463767 -0.4404651 -0.4169474 -0.3663678 -0.4121902 -0.5258849 -0.4581079 -0.4604081 -0.5218792 -0.5664269 -0.7089956 -0.6505402 -0.571983 -0.4014736 -0.5251362 -0.5635558 -0.5900392 -0.4241413 -0.4893619 -0.5423047 -0.6555049 -0.509341 -0.4830832 -0.6007552 -0.6836965 -0.5153322 -0.4857863 -0.6638135 -0.7692632 -0.4796891 -0.7720272 -0.5406614 -0.5651009 -0.4565217 -0.4199023 -0.5397169 -0.9238232 -0.640224 -0.8252677 -0.5966183 -0.5465871 -0.4236746 -0.7076495 -0.4554013 -0.6759382 -0.6588688 -0.7198635 -0.5682055 -0.6394204 -0.7310237 -0.6116481 -0.6172596 -0.7559637 -0.7663848 -0.7123093 -0.7086443 -0.5377112 -0.72429 -0.6214564 -0.6324121 -0.9495535 -0.6757631 -0.5887097 -0.9114353 -0.4326794 -0.8590017 -0.7987653 -0.6931472 -0.886574 -0.796826 -0.5025268 -0.4716702 -0.7801088 -0.666843 -0.5783479 -0.7874522 -0.6156956 -0.8967602 -0.7077379 -0.672567 -0.6218413 -0.8657611 -0.557754 -0.8026684 
# x
 390 391.5 393 394.5 396 397.5 399 400.5 402 403.5 405 406.5 408 409.5 411 412.5 414 415.5 417 418.5 420 421.5 423 424.5 426 427.5 429 430.5 432 433.5 435 436.5 438 439.5 441 442.5 444 445.5 447 448.5 450 451.5 453 454.5 456 457.5 459 460.5 462 463.5 465 466.5 468 469.5 471 472.5 474 475.5 477 478.5 480 481.5 483 484.5 486 487.5 489 490.5 492 493.5 495 496.5 498 499.5 501 502.5 504 505.5 507 508.5 510 511.5 513 514.5 516 517.5 519 520.5 522 523.5 525 526.5 528 529.5 531 532.5 534 535.5 537 538.5 540 541.5 543 544.5 546 547.5 549 550.5 552 553.5 555 556.5 558 559.5 561 562.5 564 565.5 567 568.5 570 571.5 573 574.5 576 577.5 579 580.5 582 583.5 585 586.5 588 589.5 591 592.5 594 595.5 597 598.5 600 601.5 603 604.5 606 607.5 609 610.5 612 613.5 615 616.5 618 619.5 621 622.5 624 625.5 627 628.5 630 631.5 633 634.5 636 637.5 639 640.5 642 643.5 645 646.5 648 649.5 651 652.5 654 655.5 657 658.5 660 661.5 663 664.5 666 667.5 669 670.5 672 673.5 675 676.5 678 679.5 681 682.5 684 685.5 687 688.5 690 691.5 693 694.5 696 697.5 699 700.5 702 703.5 705 706.5 708 709.5 711 712.5 714 715.5 717 718.5 720 
# m1
 22 
# B1
1 0 0 0 0 0 0 0 0 0 0 0 0 0 0 0 0 0 0 0 0 0
0.762640965439519 0.226654136927123 0.0105975378787879 0.000107359754570498 0 0 0 0 0 0 0 0 0 0 0 0 0 0 0 0 0 0
0.566169045830202 0.392943839218633 0.0400282369146006 0.000858878036563987 0 0 0 0 0 0 0 0 0 0 0 0 0 0 0 0 0 0
0.406719290007513 0.505632771412472 0.0847492252066116 0.00289871337340346 0 0 0 0 0 0 0 0 0 0 0 0 0 0 0 0 0 0
0.280426746806912 0.571484598046582 0.141217630853995 0.0068710242925119 0 0 0 0 0 0 0 0 0 0 0 0 0 0 0 0 0 0
0.183426465063861 0.597262983658904 0.205890581955923 0.0134199693213123 0 0 0 0 0 0 0 0 0 0 0 0 0 0 0 0 0 0
0.111853493613824 0.589731592787378 0.275225206611570 0.0231897069872277 0 0 0 0 0 0 0 0 0 0 0 0 0 0 0 0 0 0
0.0618428812922612 0.555654089969948 0.34567863292011 0.0368243958176810 0 0 0 0 0 0 0 0 0 0 0 0 0 0 0 0 0 0
0.0295296769346354 0.501794139744553 0.413707988980716 0.0549681943400952 0 0 0 0 0 0 0 0 0 0 0 0 0 0 0 0 0 0
0.0110489293764086 0.434915406649136 0.475770402892562 0.0782652610818934 0 0 0 0 0 0 0 0 0 0 0 0 0 0 0 0 0 0
0.00253568745304277 0.361781555221638 0.528323002754821 0.107359754570498 0 0 0 0 0 0 0 0 0 0 0 0 0 0 0 0 0 0
0.000124999999999993 0.28915625 0.567822916666667 0.142895833333333 0 0 0 0 0 0 0 0 0 0 0 0 0 0 0 0 0 0
0 0.223706987227648 0.590799398948159 0.185485599799649 8.01402454295082e-06 0 0 0 0 0 0 0 0 0 0 0 0 0 0 0 0 0
0 0.168788904019534 0.596265973265715 0.234637036689206 0.00030808602554471 0 0 0 0 0 0 0 0 0 0 0 0 0 0 0 0 0
0 0.123685762584523 0.586289694465314 0.288501001753068 0.00152354119709493 0 0 0 0 0 0 0 0 0 0 0 0 0 0 0 0 0
0 0.0874313251314802 0.563125117392937 0.345145019408966 0.00429853806661661 0 0 0 0 0 0 0 0 0 0 0 0 0 0 0 0 0
0 0.0590593538692714 0.529026796894565 0.40263661407463 0.00927723516153273 0 0 0 0 0 0 0 0 0 0 0 0 0 0 0 0 0
0 0.0376036110067620 0.486249287816178 0.459043310167794 0.0171037910092663 0 0 0 0 0 0 0 0 0 0 0 0 0 0 0 0 0
0 0.0220978587528175 0.437047145003757 0.512432632106186 0.0284223641372402 0 0 0 0 0 0 0 0 0 0 0 0 0 0 0 0 0
0 0.0115758593163036 0.383674923303281 0.560872104307538 0.0438771130728776 0 0 0 0 0 0 0 0 0 0 0 0 0 0 0 0 0
0 0.0050713749060857 0.328387177560731 0.602429251189582 0.0641121963436014 0 0 0 0 0 0 0 0 0 0 0 0 0 0 0 0 0
0 0.00161816773102933 0.273438462622089 0.635171597170047 0.0897717724768345 0 0 0 0 0 0 0 0 0 0 0 0 0 0 0 0 0
0 0.000250000000000008 0.221083333333333 0.657166666666666 0.1215 0 0 0 0 0 0 0 0 0 0 0 0 0 0 0 0 0
0 6.33921863260872e-07 0.173576344540446 0.66648198409717 0.159941037440521 0 0 0 0 0 0 0 0 0 0 0 0 0 0 0 0 0
0 0 0.132883546205860 0.66156974705735 0.205482594540446 6.41121963435982e-05 0 0 0 0 0 0 0 0 0 0 0 0 0 0 0 0
0 0 0.0991050745053845 0.643370038191836 0.256853791009266 0.000671096293513635 0 0 0 0 0 0 0 0 0 0 0 0 0 0 0 0
0 0 0.0715986726771851 0.613812797395442 0.312123841723015 0.00246468820435759 0 0 0 0 0 0 0 0 0 0 0 0 0 0 0 0
0 0 0.0497201821938393 0.574830500250438 0.369360271099424 0.00608904645629847 0 0 0 0 0 0 0 0 0 0 0 0 0 0 0 0
0 0 0.0328254445279239 0.528355622339093 0.426630603556223 0.0121883295767592 0 0 0 0 0 0 0 0 0 0 0 0 0 0 0 0
0 0 0.0202703011520161 0.476320639243676 0.482002363511145 0.0214066960931629 0 0 0 0 0 0 0 0 0 0 0 0 0 0 0 0
0 0 0.0114105935386927 0.420658026546456 0.533543075381918 0.0343883045329325 0 0 0 0 0 0 0 0 0 0 0 0 0 0 0 0
0 0 0.00560216316053094 0.363300259829702 0.579320263586276 0.0517773134234909 0 0 0 0 0 0 0 0 0 0 0 0 0 0 0 0
0 0 0.00220085149010769 0.306179814675682 0.617401452541949 0.0742178812922613 0 0 0 0 0 0 0 0 0 0 0 0 0 0 0 0
0 0 0.000562500000000002 0.251229166666667 0.645854166666667 0.102354166666666 0 0 0 0 0 0 0 0 0 0 0 0 0 0 0 0
0 0 4.29501627848739e-05 0.200380791384924 0.662745930378162 0.136830328074129 0 0 0 0 0 0 0 0 0 0 0 0 0 0 0 0
0 0 0 0.155559338216879 0.666156007387929 0.178282697846231 1.95654896068115e-06 0 0 0 0 0 0 0 0 0 0 0 0 0 0 0
0 0 0 0.117855246681693 0.655414976208365 0.226513398447282 0.000216378662659653 0 0 0 0 0 0 0 0 0 0 0 0 0 0 0
0 0 0 0.0867961589030803 0.632197611445029 0.279761754946156 0.00124447470573503 0 0 0 0 0 0 0 0 0 0 0 0 0 0 0
0 0 0 0.0617379163536187 0.598436388680191 0.336095291760581 0.00373040320560981 0 0 0 0 0 0 0 0 0 0 0 0 0 0 0
0 0 0 0.0420363605058852 0.556063783496119 0.393581533308289 0.00831832268970698 0 0 0 0 0 0 0 0 0 0 0 0 0 0 0
0 0 0 0.0270473328324567 0.507012271475082 0.450288004007012 0.0156523916854495 0 0 0 0 0 0 0 0 0 0 0 0 0 0 0
0 0 0 0.0161266748059103 0.453214328199349 0.50428222827448 0.0263767687202604 0 0 0 0 0 0 0 0 0 0 0 0 0 0 0
0 0 0 0.0086302278988229 0.39660242925119 0.553631730528425 0.0411356123215627 0 0 0 0 0 0 0 0 0 0 0 0 0 0 0
0 0 0 0.00391383358377157 0.339109050212873 0.596404035186576 0.0605730810167793 0 0 0 0 0 0 0 0 0 0 0 0 0 0 0
0 0 0 0.00133333333333332 0.282666666666667 0.630666666666666 0.0853333333333333 0 0 0 0 0 0 0 0 0 0 0 0 0 0 0
0 0 0 0.000244568620085144 0.229207754194841 0.654487149386426 0.116060527798648 0 0 0 0 0 0 0 0 0 0 0 0 0 0 0
0 0 0 3.38091660405679e-06 0.180664788379665 0.665933007763586 0.153398822940145 0 0 0 0 0 0 0 0 0 0 0 0 0 0 0
0 0 0 0 0.138832691585274 0.663278096043075 0.197854824067117 3.43883045329340e-05 0 0 0 0 0 0 0 0 0 0 0 0 0 0
0 0 0 0 0.104005008765340 0.647048334585525 0.248433759078387 0.000512897570748818 0 0 0 0 0 0 0 0 0 0 0 0 0 0
0 0 0 0 0.0755511050588532 0.619155913473579 0.303216676058102 0.00207630540946658 0 0 0 0 0 0 0 0 0 0 0 0 0 0
0 0 0 0 0.0528268219383924 0.581533308289507 0.360271099423992 0.00536877034810922 0 0 0 0 0 0 0 0 0 0 0 0 0 0
0 0 0 0 0.0351880008765341 0.536112994615577 0.417664553593789 0.0110344509140997 0 0 0 0 0 0 0 0 0 0 0 0 0 0
0 0 0 0 0.0219904833458554 0.48482744803406 0.473464562985224 0.0197175056348611 0 0 0 0 0 0 0 0 0 0 0 0 0 0
0 0 0 0 0.0125901108189332 0.429609144127223 0.525738652016028 0.0320620930378162 0 0 0 0 0 0 0 0 0 0 0 0 0 0
0 0 0 0 0.00634272476834466 0.372390558477336 0.572554345103932 0.0487123716503882 0 0 0 0 0 0 0 0 0 0 0 0 0 0
0 0 0 0 0.0026041666666667 0.315104166666667 0.611979166666666 0.0703125 0 0 0 0 0 0 0 0 0 0 0 0 0 0
0 0 0 0 0.00073027798647635 0.259682444277486 0.642080641121963 0.0975066366140746 0 0 0 0 0 0 0 0 0 0 0 0 0 0
0 0 0 0 7.69002003506175e-05 0.208057866892061 0.660926292887553 0.130938940020035 0 0 0 0 0 0 0 0 0 0 0 0 0 0
0 0 0 0 0 0.162162409216128 0.666584397695968 0.171253067868770 1.25219133483540e-07 0 0 0 0 0 0 0 0 0 0 0 0 0
0 0 0 0 0 0.123350222263962 0.65798996681693 0.218514854119709 0.000144956799398942 0 0 0 0 0 0 0 0 0 0 0 0 0
0 0 0 0 0 0.0912847483095418 0.636614074630603 0.271099423991986 0.00100175306786875 0 0 0 0 0 0 0 0 0 0 0 0 0
0 0 0 0 0 0.0653218288254446 0.604389196719259 0.327074301903331 0.0032146725519659 0 0 0 0 0 0 0 0 0 0 0 0 0
0 0 0 0 0 0.0448173052842475 0.563247808665164 0.384507012271475 0.00742787377911339 0 0 0 0 0 0 0 0 0 0 0 0 0
0 0 0 0 0 0.0291270191585275 0.515122386050589 0.44146507951415 0.0142855152767342 0 0 0 0 0 0 0 0 0 0 0 0 0
0 0 0 0 0 0.0176068119208616 0.461945404457801 0.496016028049086 0.0244317555722513 0 0 0 0 0 0 0 0 0 0 0 0 0
0 0 0 0 0 0.00961252504382673 0.405649339469071 0.546227382294015 0.0385107531930878 0 0 0 0 0 0 0 0 0 0 0 0 0
0 0 0 0 0 0.00450000000000002 0.348166666666667 0.590166666666667 0.0571666666666665 0 0 0 0 0 0 0 0 0 0 0 0 0
0 0 0 0 0 0.00162507826195844 0.291429861632858 0.625901405584773 0.0810436545204106 0 0 0 0 0 0 0 0 0 0 0 0 0
0 0 0 0 0 0.000343601302278991 0.237371399949912 0.651499123466066 0.110785875281743 0 0 0 0 0 0 0 0 0 0 0 0 0
0 0 0 0 0 1.1410593538693e-05 0.187923757200100 0.665027344728275 0.147037487478086 0 0 0 0 0 0 0 0 0 0 0 0 0
0 0 0 0 0 0 0.144956799398948 0.664647508139244 0.190380040070123 1.56523916854492e-05 0 0 0 0 0 0 0 0 0 0 0 0
0 0 0 0 0 0 0.109063846105685 0.650435872151265 0.240118535562234 0.000381746180816427 0 0 0 0 0 0 0 0 0 0 0 0
0 0 0 0 0 0 0.0796463811670423 0.624256448785375 0.294366140746306 0.00173102930127723 0 0 0 0 0 0 0 0 0 0 0 0
0 0 0 0 0 0 0.0560602460555972 0.588041713623842 0.35119038004007 0.00470766028049086 0 0 0 0 0 0 0 0 0 0 0 0
0 0 0 0 0 0 0.0376612822439268 0.543724142248936 0.408658777861257 0.0099557976458803 0 0 0 0 0 0 0 0 0 0 0 0
0 0 0 0 0 0 0.023805331204608 0.493236210242925 0.464838858627598 0.0181195999248685 0 0 0 0 0 0 0 0 0 0 0 0
0 0 0 0 0 0 0.0138482344102178 0.438510393188079 0.517798146756825 0.0298432256448786 0 0 0 0 0 0 0 0 0 0 0 0
0 0 0 0 0 0 0.0071458333333333 0.381479166666666 0.565604166666667 0.0457708333333334 0 0 0 0 0 0 0 0 0 0 0 0
0 0 0 0 0 0 0.00305396944653141 0.324075006260956 0.606324442774856 0.066546581517656 0 0 0 0 0 0 0 0 0 0 0 0
0 0 0 0 0 0 0.000928484222389172 0.268230387553218 0.638026499499124 0.0928146287252694 0 0 0 0 0 0 0 0 0 0 0 0
0 0 0 0 0 0 0.000125219133483594 0.215877786125720 0.6587778612572 0.125219133483597 0 0 0 0 0 0 0 0 0 0 0 0
0 0 0 0 0 0 1.56523916854424e-08 0.168949677560731 0.666646052466817 0.164404254320060 0 0 0 0 0 0 0 0 0 0 0 0
0 0 0 0 0 0 0 0.129013398447282 0.660246306035562 0.210649010768846 9.12847483095441e-05 0 0 0 0 0 0 0 0 0 0 0
0 0 0 0 0 0 0 0.0959254789631853 0.640760064487854 0.262521615952918 0.000792840596043086 0 0 0 0 0 0 0 0 0 0 0
0 0 0 0 0 0 0 0.0690418231905833 0.61011970949161 0.318089656899575 0.00274881041823193 0 0 0 0 0 0 0 0 0 0 0
0 0 0 0 0 0 0 0.0477182726020534 0.5702577166291 0.375420658026547 0.00660335274229907 0 0 0 0 0 0 0 0 0 0 0
0 0 0 0 0 0 0 0.0313106686701726 0.523106561482594 0.432582143751566 0.0130006260956675 0 0 0 0 0 0 0 0 0 0 0
0 0 0 0 0 0 0 0.019174852867518 0.470598719634359 0.487641638492362 0.0225847890057602 0 0 0 0 0 0 0 0 0 0 0
0 0 0 0 0 0 0 0.0106666666666666 0.414666666666666 0.538666666666668 0.0360000000000002 0 0 0 0 0 0 0 0 0 0 0
0 0 0 0 0 0 0 0.00514195154019527 0.357242878161782 0.583724752692212 0.0538904176058104 0 0 0 0 0 0 0 0 0 0 0
0 0 0 0 0 0 0 0.00195654896068115 0.300259829701978 0.620883420986728 0.0769002003506138 0 0 0 0 0 0 0 0 0 0 0
0 0 0 0 0 0 0 0.000466300400701211 0.245649996869521 0.648210195967944 0.105673506761834 0 0 0 0 0 0 0 0 0 0 0
0 0 0 0 0 0 0 2.70473328324543e-05 0.195345855246681 0.663772602053594 0.140854495366893 0 0 0 0 0 0 0 0 0 0 0
0 0 0 0 0 0 0 0 0.151258405334334 0.665670376283496 0.183065849611821 5.36877034811005e-06 0 0 0 0 0 0 0 0 0 0
0 0 0 0 0 0 0 0 0.114284122213874 0.653525043826697 0.231915727523166 0.000275106436263472 0 0 0 0 0 0 0 0 0 0
0 0 0 0 0 0 0 0 0.0838870366892055 0.62910679626847 0.285579842849988 0.00142632419233662 0 0 0 0 0 0 0 0 0 0
0 0 0 0 0 0 0 0 0.0594229902329071 0.594348109191084 0.342125720010018 0.00410318056599055 0 0 0 0 0 0 0 0 0 0
0 0 0 0 0 0 0 0 0.0402478243175553 0.551181458176809 0.399620883420987 0.00894983408464823 0 0 0 0 0 0 0 0 0 0
0 0 0 0 0 0 0 0 0.0257173804157272 0.501539318807913 0.456132857500627 0.0166104432757327 0 0 0 0 0 0 0 0 0 0
0 0 0 0 0 0 0 0 0.0151874999999998 0.447354166666666 0.509729166666667 0.0277291666666669 0 0 0 0 0 0 0 0 0 0
0 0 0 0 0 0 0 0 0.00801402454295 0.390558477335336 0.55847733533684 0.0429501627848738 0 0 0 0 0 0 0 0 0 0
0 0 0 0 0 0 0 0 0.00355279551715493 0.333084726396193 0.600444887928876 0.0629175901577764 0 0 0 0 0 0 0 0 0 0
0 0 0 0 0 0 0 0 0.00115965439519154 0.276865389431505 0.633699348860506 0.0882756073127978 0 0 0 0 0 0 0 0 0 0
0 0 0 0 0 0 0 0 0.00019044264963685 0.223832942023541 0.656308242549461 0.119668372777361 0 0 0 0 0 0 0 0 0 0
0 0 0 0 0 0 0 0 1.00175306786832e-06 0.175919859754570 0.666339093413473 0.157740045078889 0 0 0 0 0 0 0 0 0 0
0 0 0 0 0 0 0 0 0 0.134847310919108 0.662176386801903 0.202923475457050 5.28268219383981e-05 0 0 0 0 0 0 0 0 0
0 0 0 0 0 0 0 0 0 0.100720886551465 0.64462797395442 0.25403593789131 0.000615201602804936 0 0 0 0 0 0 0 0 0
0 0 0 0 0 0 0 0 0 0.072900435136489 0.615620319934886 0.309148963811671 0.00233028111695473 0 0 0 0 0 0 0 0 0
0 0 0 0 0 0 0 0 0 0.050741798146757 0.577085900325569 0.366330077635863 0.00584222389181076 0 0 0 0 0 0 0 0 0
0 0 0 0 0 0 0 0 0 0.0336008170548462 0.53095719070874 0.423646803781618 0.0117951884547960 0 0 0 0 0 0 0 0 0
0 0 0 0 0 0 0 0 0 0.0208333333333335 0.479166666666667 0.479166666666667 0.0208333333333335 0 0 0 0 0 0 0 0 0
0 0 0 0 0 0 0 0 0 0.0117951884547960 0.423646803781618 0.53095719070874 0.0336008170548462 0 0 0 0 0 0 0 0 0
0 0 0 0 0 0 0 0 0 0.00584222389181076 0.366330077635863 0.577085900325569 0.050741798146757 0 0 0 0 0 0 0 0 0
0 0 0 0 0 0 0 0 0 0.00233028111695473 0.309148963811671 0.615620319934886 0.072900435136489 0 0 0 0 0 0 0 0 0
0 0 0 0 0 0 0 0 0 0.000615201602804936 0.25403593789131 0.64462797395442 0.100720886551465 0 0 0 0 0 0 0 0 0
0 0 0 0 0 0 0 0 0 5.28268219383981e-05 0.202923475457050 0.662176386801903 0.134847310919108 0 0 0 0 0 0 0 0 0
0 0 0 0 0 0 0 0 0 0 0.157740045078889 0.666339093413473 0.175919859754570 1.00175306786832e-06 0 0 0 0 0 0 0 0
0 0 0 0 0 0 0 0 0 0 0.119668372777361 0.656308242549461 0.223832942023541 0.00019044264963685 0 0 0 0 0 0 0 0
0 0 0 0 0 0 0 0 0 0 0.0882756073127978 0.633699348860506 0.276865389431505 0.00115965439519154 0 0 0 0 0 0 0 0
0 0 0 0 0 0 0 0 0 0 0.0629175901577764 0.600444887928876 0.333084726396193 0.00355279551715493 0 0 0 0 0 0 0 0
0 0 0 0 0 0 0 0 0 0 0.0429501627848738 0.55847733533684 0.390558477335336 0.00801402454295 0 0 0 0 0 0 0 0
0 0 0 0 0 0 0 0 0 0 0.0277291666666669 0.509729166666667 0.447354166666666 0.0151874999999998 0 0 0 0 0 0 0 0
0 0 0 0 0 0 0 0 0 0 0.0166104432757327 0.456132857500627 0.501539318807913 0.0257173804157272 0 0 0 0 0 0 0 0
0 0 0 0 0 0 0 0 0 0 0.00894983408464823 0.399620883420987 0.551181458176809 0.0402478243175553 0 0 0 0 0 0 0 0
0 0 0 0 0 0 0 0 0 0 0.00410318056599055 0.342125720010018 0.594348109191084 0.0594229902329071 0 0 0 0 0 0 0 0
0 0 0 0 0 0 0 0 0 0 0.00142632419233662 0.285579842849988 0.62910679626847 0.0838870366892055 0 0 0 0 0 0 0 0
0 0 0 0 0 0 0 0 0 0 0.000275106436263472 0.231915727523166 0.653525043826697 0.114284122213874 0 0 0 0 0 0 0 0
0 0 0 0 0 0 0 0 0 0 5.36877034811005e-06 0.183065849611821 0.665670376283496 0.151258405334334 0 0 0 0 0 0 0 0
0 0 0 0 0 0 0 0 0 0 0 0.140854495366893 0.663772602053594 0.195345855246681 2.70473328324543e-05 0 0 0 0 0 0 0
0 0 0 0 0 0 0 0 0 0 0 0.105673506761834 0.648210195967944 0.245649996869521 0.000466300400701211 0 0 0 0 0 0 0
0 0 0 0 0 0 0 0 0 0 0 0.0769002003506138 0.620883420986728 0.300259829701978 0.00195654896068115 0 0 0 0 0 0 0
0 0 0 0 0 0 0 0 0 0 0 0.0538904176058104 0.583724752692212 0.357242878161782 0.00514195154019527 0 0 0 0 0 0 0
0 0 0 0 0 0 0 0 0 0 0 0.0360000000000002 0.538666666666668 0.414666666666666 0.0106666666666666 0 0 0 0 0 0 0
0 0 0 0 0 0 0 0 0 0 0 0.0225847890057602 0.487641638492362 0.470598719634359 0.019174852867518 0 0 0 0 0 0 0
0 0 0 0 0 0 0 0 0 0 0 0.0130006260956675 0.432582143751566 0.523106561482594 0.0313106686701726 0 0 0 0 0 0 0
0 0 0 0 0 0 0 0 0 0 0 0.00660335274229907 0.375420658026547 0.5702577166291 0.0477182726020534 0 0 0 0 0 0 0
0 0 0 0 0 0 0 0 0 0 0 0.00274881041823193 0.318089656899575 0.61011970949161 0.0690418231905833 0 0 0 0 0 0 0
0 0 0 0 0 0 0 0 0 0 0 0.000792840596043086 0.262521615952918 0.640760064487854 0.0959254789631853 0 0 0 0 0 0 0
0 0 0 0 0 0 0 0 0 0 0 9.12847483095441e-05 0.210649010768846 0.660246306035562 0.129013398447282 0 0 0 0 0 0 0
0 0 0 0 0 0 0 0 0 0 0 0 0.164404254320060 0.666646052466817 0.168949677560731 1.56523916854424e-08 0 0 0 0 0 0
0 0 0 0 0 0 0 0 0 0 0 0 0.125219133483597 0.6587778612572 0.215877786125720 0.000125219133483594 0 0 0 0 0 0
0 0 0 0 0 0 0 0 0 0 0 0 0.0928146287252694 0.638026499499124 0.268230387553218 0.000928484222389171 0 0 0 0 0 0
0 0 0 0 0 0 0 0 0 0 0 0 0.066546581517656 0.606324442774856 0.324075006260956 0.00305396944653141 0 0 0 0 0 0
0 0 0 0 0 0 0 0 0 0 0 0 0.0457708333333334 0.565604166666667 0.381479166666666 0.0071458333333333 0 0 0 0 0 0
0 0 0 0 0 0 0 0 0 0 0 0 0.0298432256448786 0.517798146756825 0.438510393188079 0.0138482344102178 0 0 0 0 0 0
0 0 0 0 0 0 0 0 0 0 0 0 0.0181195999248685 0.464838858627598 0.493236210242925 0.023805331204608 0 0 0 0 0 0
0 0 0 0 0 0 0 0 0 0 0 0 0.0099557976458803 0.408658777861257 0.543724142248936 0.0376612822439268 0 0 0 0 0 0
0 0 0 0 0 0 0 0 0 0 0 0 0.00470766028049086 0.35119038004007 0.588041713623842 0.0560602460555972 0 0 0 0 0 0
0 0 0 0 0 0 0 0 0 0 0 0 0.00173102930127723 0.294366140746306 0.624256448785375 0.0796463811670422 0 0 0 0 0 0
0 0 0 0 0 0 0 0 0 0 0 0 0.000381746180816427 0.240118535562234 0.650435872151265 0.109063846105685 0 0 0 0 0 0
0 0 0 0 0 0 0 0 0 0 0 0 1.56523916854492e-05 0.190380040070123 0.664647508139244 0.144956799398948 0 0 0 0 0 0
0 0 0 0 0 0 0 0 0 0 0 0 0 0.147037487478086 0.665027344728275 0.1879237572001 1.1410593538693e-05 0 0 0 0 0
0 0 0 0 0 0 0 0 0 0 0 0 0 0.110785875281743 0.651499123466066 0.237371399949912 0.000343601302278991 0 0 0 0 0
0 0 0 0 0 0 0 0 0 0 0 0 0 0.0810436545204106 0.625901405584774 0.291429861632857 0.00162507826195843 0 0 0 0 0
0 0 0 0 0 0 0 0 0 0 0 0 0 0.0571666666666665 0.590166666666667 0.348166666666666 0.00450000000000001 0 0 0 0 0
0 0 0 0 0 0 0 0 0 0 0 0 0 0.0385107531930878 0.546227382294015 0.405649339469071 0.00961252504382672 0 0 0 0 0
0 0 0 0 0 0 0 0 0 0 0 0 0 0.0244317555722513 0.496016028049086 0.461945404457801 0.0176068119208615 0 0 0 0 0
0 0 0 0 0 0 0 0 0 0 0 0 0 0.0142855152767342 0.44146507951415 0.515122386050588 0.0291270191585275 0 0 0 0 0
0 0 0 0 0 0 0 0 0 0 0 0 0 0.00742787377911339 0.384507012271476 0.563247808665164 0.0448173052842475 0 0 0 0 0
0 0 0 0 0 0 0 0 0 0 0 0 0 0.0032146725519659 0.327074301903331 0.604389196719258 0.0653218288254446 0 0 0 0 0
0 0 0 0 0 0 0 0 0 0 0 0 0 0.00100175306786875 0.271099423991987 0.636614074630603 0.0912847483095418 0 0 0 0 0
0 0 0 0 0 0 0 0 0 0 0 0 0 0.000144956799398942 0.21851485411971 0.657989966816929 0.123350222263962 0 0 0 0 0
0 0 0 0 0 0 0 0 0 0 0 0 0 1.25219133483540e-07 0.171253067868771 0.666584397695967 0.162162409216128 0 0 0 0 0
0 0 0 0 0 0 0 0 0 0 0 0 0 0 0.130938940020036 0.660926292887552 0.208057866892061 7.69002003506173e-05 0 0 0 0
0 0 0 0 0 0 0 0 0 0 0 0 0 0 0.0975066366140752 0.642080641121963 0.259682444277486 0.000730277986476348 0 0 0 0
0 0 0 0 0 0 0 0 0 0 0 0 0 0 0.0703125000000005 0.611979166666666 0.315104166666667 0.00260416666666669 0 0 0 0
0 0 0 0 0 0 0 0 0 0 0 0 0 0 0.0487123716503887 0.572554345103931 0.372390558477335 0.00634272476834465 0 0 0 0
0 0 0 0 0 0 0 0 0 0 0 0 0 0 0.0320620930378166 0.525738652016028 0.429609144127223 0.0125901108189332 0 0 0 0
0 0 0 0 0 0 0 0 0 0 0 0 0 0 0.0197175056348613 0.473464562985224 0.484827448034060 0.0219904833458553 0 0 0 0
0 0 0 0 0 0 0 0 0 0 0 0 0 0 0.0110344509140999 0.417664553593789 0.536112994615577 0.035188000876534 0 0 0 0
0 0 0 0 0 0 0 0 0 0 0 0 0 0 0.00536877034810935 0.360271099423992 0.581533308289507 0.0528268219383922 0 0 0 0
0 0 0 0 0 0 0 0 0 0 0 0 0 0 0.00207630540946666 0.303216676058102 0.619155913473579 0.075551105058853 0 0 0 0
0 0 0 0 0 0 0 0 0 0 0 0 0 0 0.00051289757074885 0.248433759078387 0.647048334585525 0.104005008765339 0 0 0 0
0 0 0 0 0 0 0 0 0 0 0 0 0 0 3.43883045329395e-05 0.197854824067117 0.663278096043076 0.138832691585274 0 0 0 0
0 0 0 0 0 0 0 0 0 0 0 0 0 0 0 0.153398822940145 0.665933007763587 0.180664788379664 3.38091660405559e-06 0 0 0
0 0 0 0 0 0 0 0 0 0 0 0 0 0 0 0.116060527798647 0.654487149386427 0.229207754194841 0.000244568620085125 0 0 0
0 0 0 0 0 0 0 0 0 0 0 0 0 0 0 0.085333333333333 0.630666666666667 0.282666666666666 0.00133333333333326 0 0 0
0 0 0 0 0 0 0 0 0 0 0 0 0 0 0 0.0605730810167791 0.596404035186577 0.339109050212872 0.00391383358377147 0 0 0
0 0 0 0 0 0 0 0 0 0 0 0 0 0 0 0.0411356123215625 0.553631730528425 0.396602429251189 0.00863022789882274 0 0 0
0 0 0 0 0 0 0 0 0 0 0 0 0 0 0 0.0263767687202602 0.504282228274481 0.453214328199349 0.0161266748059101 0 0 0
0 0 0 0 0 0 0 0 0 0 0 0 0 0 0 0.0156523916854493 0.450288004007013 0.507012271475082 0.0270473328324564 0 0 0
0 0 0 0 0 0 0 0 0 0 0 0 0 0 0 0.00831832268970683 0.39358153330829 0.556063783496119 0.0420363605058849 0 0 0
0 0 0 0 0 0 0 0 0 0 0 0 0 0 0 0.00373040320560972 0.336095291760581 0.598436388680191 0.0617379163536184 0 0 0
0 0 0 0 0 0 0 0 0 0 0 0 0 0 0 0.00124447470573498 0.279761754946156 0.632197611445029 0.0867961589030799 0 0 0
0 0 0 0 0 0 0 0 0 0 0 0 0 0 0 0.000216378662659636 0.226513398447283 0.655414976208365 0.117855246681692 0 0 0
0 0 0 0 0 0 0 0 0 0 0 0 0 0 0 1.95654896068032e-06 0.178282697846231 0.666156007387929 0.155559338216879 0 0 0
0 0 0 0 0 0 0 0 0 0 0 0 0 0 0 0 0.13683032807413 0.662745930378162 0.200380791384923 4.29501627848801e-05 0 0
0 0 0 0 0 0 0 0 0 0 0 0 0 0 0 0 0.102354166666667 0.645854166666667 0.251229166666666 0.000562500000000034 0 0
0 0 0 0 0 0 0 0 0 0 0 0 0 0 0 0 0.0742178812922616 0.617401452541949 0.306179814675682 0.00220085149010776 0 0
0 0 0 0 0 0 0 0 0 0 0 0 0 0 0 0 0.0517773134234913 0.579320263586276 0.363300259829701 0.00560216316053106 0 0
0 0 0 0 0 0 0 0 0 0 0 0 0 0 0 0 0.0343883045329328 0.533543075381919 0.420658026546456 0.0114105935386929 0 0
0 0 0 0 0 0 0 0 0 0 0 0 0 0 0 0 0.0214066960931632 0.482002363511145 0.476320639243676 0.0202703011520163 0 0
0 0 0 0 0 0 0 0 0 0 0 0 0 0 0 0 0.0121883295767594 0.426630603556224 0.528355622339093 0.0328254445279242 0 0
0 0 0 0 0 0 0 0 0 0 0 0 0 0 0 0 0.0060890464562986 0.369360271099424 0.574830500250437 0.0497201821938395 0 0
0 0 0 0 0 0 0 0 0 0 0 0 0 0 0 0 0.00246468820435767 0.312123841723016 0.613812797395441 0.0715986726771854 0 0
0 0 0 0 0 0 0 0 0 0 0 0 0 0 0 0 0.000671096293513671 0.256853791009267 0.643370038191835 0.0991050745053848 0 0
0 0 0 0 0 0 0 0 0 0 0 0 0 0 0 0 6.41121963436064e-05 0.205482594540446 0.66156974705735 0.132883546205861 0 0
0 0 0 0 0 0 0 0 0 0 0 0 0 0 0 0 0 0.159941037440521 0.66648198409717 0.173576344540446 6.3392186326042e-07 0
0 0 0 0 0 0 0 0 0 0 0 0 0 0 0 0 0 0.121500000000000 0.657166666666666 0.221083333333333 0.000249999999999985 0
0 0 0 0 0 0 0 0 0 0 0 0 0 0 0 0 0 0.0897717724768348 0.635171597170047 0.273438462622089 0.00161816773102925 0
0 0 0 0 0 0 0 0 0 0 0 0 0 0 0 0 0 0.0641121963436016 0.602429251189581 0.328387177560731 0.00507137490608555 0
0 0 0 0 0 0 0 0 0 0 0 0 0 0 0 0 0 0.0438771130728777 0.560872104307538 0.383674923303281 0.0115758593163034 0
0 0 0 0 0 0 0 0 0 0 0 0 0 0 0 0 0 0.0284223641372403 0.512432632106186 0.437047145003757 0.0220978587528172 0
0 0 0 0 0 0 0 0 0 0 0 0 0 0 0 0 0 0.0171037910092663 0.459043310167794 0.486249287816178 0.0376036110067615 0
0 0 0 0 0 0 0 0 0 0 0 0 0 0 0 0 0 0.00927723516153276 0.402636614074631 0.529026796894566 0.0590593538692708 0
0 0 0 0 0 0 0 0 0 0 0 0 0 0 0 0 0 0.00429853806661662 0.345145019408966 0.563125117392938 0.0874313251314796 0
0 0 0 0 0 0 0 0 0 0 0 0 0 0 0 0 0 0.00152354119709494 0.288501001753068 0.586289694465315 0.123685762584522 0
0 0 0 0 0 0 0 0 0 0 0 0 0 0 0 0 0 0.000308086025544711 0.234637036689206 0.596265973265716 0.168788904019534 0
0 0 0 0 0 0 0 0 0 0 0 0 0 0 0 0 0 8.01402454295085e-06 0.185485599799650 0.59079939894816 0.223706987227648 0
0 0 0 0 0 0 0 0 0 0 0 0 0 0 0 0 0 0 0.142895833333333 0.567822916666667 0.289156249999999 0.000124999999999993
0 0 0 0 0 0 0 0 0 0 0 0 0 0 0 0 0 0 0.107359754570498 0.528323002754822 0.361781555221637 0.00253568745304277
0 0 0 0 0 0 0 0 0 0 0 0 0 0 0 0 0 0 0.0782652610818934 0.475770402892563 0.434915406649135 0.0110489293764086
0 0 0 0 0 0 0 0 0 0 0 0 0 0 0 0 0 0 0.0549681943400952 0.413707988980717 0.501794139744552 0.0295296769346354
0 0 0 0 0 0 0 0 0 0 0 0 0 0 0 0 0 0 0.036824395817681 0.345678632920111 0.555654089969947 0.0618428812922612
0 0 0 0 0 0 0 0 0 0 0 0 0 0 0 0 0 0 0.0231897069872277 0.275225206611571 0.589731592787378 0.111853493613824
0 0 0 0 0 0 0 0 0 0 0 0 0 0 0 0 0 0 0.0134199693213123 0.205890581955923 0.597262983658903 0.183426465063861
0 0 0 0 0 0 0 0 0 0 0 0 0 0 0 0 0 0 0.0068710242925119 0.141217630853995 0.571484598046582 0.280426746806912
0 0 0 0 0 0 0 0 0 0 0 0 0 0 0 0 0 0 0.00289871337340346 0.0847492252066117 0.505632771412472 0.406719290007513
0 0 0 0 0 0 0 0 0 0 0 0 0 0 0 0 0 0 0.000858878036563988 0.0400282369146006 0.392943839218633 0.566169045830202
0 0 0 0 0 0 0 0 0 0 0 0 0 0 0 0 0 0 0.000107359754570498 0.0105975378787879 0.226654136927123 0.762640965439519
0 0 0 0 0 0 0 0 0 0 0 0 0 0 0 0 0 0 0 0 0 1
# min,max index in B1 m
1 1
1 4
1 4
1 4
1 4
1 4
1 4
1 4
1 4
1 4
1 4
1 4
2 5
2 5
2 5
2 5
2 5
2 5
2 5
2 5
2 5
2 5
2 5
2 5
3 6
3 6
3 6
3 6
3 6
3 6
3 6
3 6
3 6
3 6
3 6
4 7
4 7
4 7
4 7
4 7
4 7
4 7
4 7
4 7
4 7
4 7
4 7
5 8
5 8
5 8
5 8
5 8
5 8
5 8
5 8
5 8
5 8
5 8
6 9
6 9
6 9
6 9
6 9
6 9
6 9
6 9
6 9
6 9
6 9
6 9
7 10
7 10
7 10
7 10
7 10
7 10
7 10
7 10
7 10
7 10
7 10
7 10
8 11
8 11
8 11
8 11
8 11
8 11
8 11
8 11
8 11
8 11
8 11
9 12
9 12
9 12
9 12
9 12
9 12
9 12
9 12
9 12
9 12
9 12
9 12
10 13
10 13
10 13
10 13
10 13
10 13
10 13
10 13
10 13
10 13
10 13
11 14
11 14
11 14
11 14
11 14
11 14
11 14
11 14
11 14
11 14
11 14
11 14
12 15
12 15
12 15
12 15
12 15
12 15
12 15
12 15
12 15
12 15
12 15
13 16
13 16
13 16
13 16
13 16
13 16
13 16
13 16
13 16
13 16
13 16
13 16
14 17
14 17
14 17
14 17
14 17
14 17
14 17
14 17
14 17
14 17
14 17
14 17
15 18
15 18
15 18
15 18
15 18
15 18
15 18
15 18
15 18
15 18
15 18
16 19
16 19
16 19
16 19
16 19
16 19
16 19
16 19
16 19
16 19
16 19
16 19
17 20
17 20
17 20
17 20
17 20
17 20
17 20
17 20
17 20
17 20
17 20
18 21
18 21
18 21
18 21
18 21
18 21
18 21
18 21
18 21
18 21
18 21
18 21
19 22
19 22
19 22
19 22
19 22
19 22
19 22
19 22
19 22
19 22
19 22
22 22

# m2
 21 
# B2
1 0 0 0 0 0 0 0 0 0 0 0 0 0 0 0 0 0 0 0 0
0.834731404958678 0.161539256198347 0.00372933884297521 0 0 0 0 0 0 0 0 0 0 0 0 0 0 0 0 0 0
0.684380165289256 0.300702479338843 0.0149173553719008 0 0 0 0 0 0 0 0 0 0 0 0 0 0 0 0 0 0
0.548946280991735 0.417489669421488 0.0335640495867769 0 0 0 0 0 0 0 0 0 0 0 0 0 0 0 0 0 0
0.428429752066115 0.511900826446281 0.0596694214876033 0 0 0 0 0 0 0 0 0 0 0 0 0 0 0 0 0 0
0.322830578512396 0.583935950413224 0.0932334710743802 0 0 0 0 0 0 0 0 0 0 0 0 0 0 0 0 0 0
0.232148760330578 0.633595041322314 0.134256198347108 0 0 0 0 0 0 0 0 0 0 0 0 0 0 0 0 0 0
0.156384297520661 0.660878099173554 0.182737603305785 0 0 0 0 0 0 0 0 0 0 0 0 0 0 0 0 0 0
0.0955371900826442 0.665785123966942 0.238677685950413 0 0 0 0 0 0 0 0 0 0 0 0 0 0 0 0 0 0
0.0496074380165286 0.64831611570248 0.302076446280992 0 0 0 0 0 0 0 0 0 0 0 0 0 0 0 0 0 0
0.0185950413223138 0.608471074380165 0.372933884297521 0 0 0 0 0 0 0 0 0 0 0 0 0 0 0 0 0 0
0.0024999999999999 0.54625 0.45125 0 0 0 0 0 0 0 0 0 0 0 0 0 0 0 0 0 0
0 0.464297520661157 0.53504132231405 0.000661157024793424 0 0 0 0 0 0 0 0 0 0 0 0 0 0 0 0 0
0 0.384803719008264 0.607665289256198 0.0075309917355373 0 0 0 0 0 0 0 0 0 0 0 0 0 0 0 0 0
0 0.312768595041322 0.665371900826446 0.0218595041322316 0 0 0 0 0 0 0 0 0 0 0 0 0 0 0 0 0
0 0.248192148760331 0.708161157024793 0.0436466942148762 0 0 0 0 0 0 0 0 0 0 0 0 0 0 0 0 0
0 0.191074380165289 0.736033057851239 0.0728925619834713 0 0 0 0 0 0 0 0 0 0 0 0 0 0 0 0 0
0 0.141415289256199 0.748987603305785 0.109597107438017 0 0 0 0 0 0 0 0 0 0 0 0 0 0 0 0 0
0 0.099214876033058 0.747024793388429 0.153760330578513 0 0 0 0 0 0 0 0 0 0 0 0 0 0 0 0 0
0 0.064473140495868 0.730144628099173 0.205382231404959 0 0 0 0 0 0 0 0 0 0 0 0 0 0 0 0 0
0 0.0371900826446283 0.698347107438016 0.264462809917355 0 0 0 0 0 0 0 0 0 0 0 0 0 0 0 0 0
0 0.0173657024793390 0.651632231404959 0.331002066115702 0 0 0 0 0 0 0 0 0 0 0 0 0 0 0 0 0
0 0.00500000000000011 0.59 0.405 0 0 0 0 0 0 0 0 0 0 0 0 0 0 0 0 0
0 9.29752066115864e-05 0.513450413223141 0.486456611570248 0 0 0 0 0 0 0 0 0 0 0 0 0 0 0 0 0
0 0 0.429917355371901 0.567438016528925 0.00264462809917347 0 0 0 0 0 0 0 0 0 0 0 0 0 0 0 0
0 0 0.353564049586777 0.633780991735537 0.0126549586776858 0 0 0 0 0 0 0 0 0 0 0 0 0 0 0 0
0 0 0.284669421487604 0.685206611570248 0.0301239669421485 0 0 0 0 0 0 0 0 0 0 0 0 0 0 0 0
0 0 0.223233471074380 0.721714876033058 0.0550516528925617 0 0 0 0 0 0 0 0 0 0 0 0 0 0 0 0
0 0 0.169256198347108 0.743305785123967 0.0874380165289253 0 0 0 0 0 0 0 0 0 0 0 0 0 0 0 0
0 0 0.122737603305785 0.749979338842975 0.127283057851239 0 0 0 0 0 0 0 0 0 0 0 0 0 0 0 0
0 0 0.0836776859504133 0.741735537190083 0.174586776859504 0 0 0 0 0 0 0 0 0 0 0 0 0 0 0 0
0 0 0.0520764462809918 0.71857438016529 0.229349173553719 0 0 0 0 0 0 0 0 0 0 0 0 0 0 0 0
0 0 0.0279338842975207 0.680495867768595 0.291570247933884 0 0 0 0 0 0 0 0 0 0 0 0 0 0 0 0
0 0 0.0112500000000000 0.6275 0.361250 0 0 0 0 0 0 0 0 0 0 0 0 0 0 0 0
0 0 0.00202479338842976 0.559586776859504 0.438388429752066 0 0 0 0 0 0 0 0 0 0 0 0 0 0 0 0
0 0 0 0.477530991735537 0.522210743801653 0.000258264462809914 0 0 0 0 0 0 0 0 0 0 0 0 0 0 0
0 0 0 0.396859504132231 0.597190082644628 0.00595041322314048 0 0 0 0 0 0 0 0 0 0 0 0 0 0 0
0 0 0 0.323646694214876 0.657252066115703 0.0191012396694215 0 0 0 0 0 0 0 0 0 0 0 0 0 0 0
0 0 0 0.257892561983471 0.702396694214876 0.0397107438016529 0 0 0 0 0 0 0 0 0 0 0 0 0 0 0
0 0 0 0.199597107438016 0.732623966942149 0.0677789256198347 0 0 0 0 0 0 0 0 0 0 0 0 0 0 0
0 0 0 0.148760330578512 0.747933884297521 0.103305785123967 0 0 0 0 0 0 0 0 0 0 0 0 0 0 0
0 0 0 0.105382231404959 0.748326446280992 0.146291322314050 0 0 0 0 0 0 0 0 0 0 0 0 0 0 0
0 0 0 0.0694628099173552 0.733801652892562 0.196735537190083 0 0 0 0 0 0 0 0 0 0 0 0 0 0 0
0 0 0 0.0410020661157023 0.704359504132232 0.254638429752066 0 0 0 0 0 0 0 0 0 0 0 0 0 0 0
0 0 0 0.0199999999999999 0.66 0.32 0 0 0 0 0 0 0 0 0 0 0 0 0 0 0
0 0 0 0.00645661157024785 0.600723140495868 0.392820247933884 0 0 0 0 0 0 0 0 0 0 0 0 0 0 0
0 0 0 0.000371900826446258 0.526528925619835 0.473099173553719 0 0 0 0 0 0 0 0 0 0 0 0 0 0 0
0 0 0 0 0.442654958677686 0.555599173553719 0.00174586776859509 0 0 0 0 0 0 0 0 0 0 0 0 0 0
0 0 0 0 0.365123966942149 0.624297520661157 0.0105785123966943 0 0 0 0 0 0 0 0 0 0 0 0 0 0
0 0 0 0 0.295051652892562 0.678078512396694 0.0268698347107439 0 0 0 0 0 0 0 0 0 0 0 0 0 0
0 0 0 0 0.232438016528926 0.71694214876033 0.0506198347107439 0 0 0 0 0 0 0 0 0 0 0 0 0 0
0 0 0 0 0.17728305785124 0.740888429752066 0.0818285123966943 0 0 0 0 0 0 0 0 0 0 0 0 0 0
0 0 0 0 0.129586776859504 0.7499173553719 0.120495867768595 0 0 0 0 0 0 0 0 0 0 0 0 0 0
0 0 0 0 0.0893491735537193 0.744028925619834 0.166621900826446 0 0 0 0 0 0 0 0 0 0 0 0 0 0
0 0 0 0 0.0565702479338846 0.723223140495868 0.220206611570248 0 0 0 0 0 0 0 0 0 0 0 0 0 0
0 0 0 0 0.0312500000000003 0.6875 0.28125 0 0 0 0 0 0 0 0 0 0 0 0 0 0
0 0 0 0 0.0133884297520663 0.636859504132231 0.349752066115702 0 0 0 0 0 0 0 0 0 0 0 0 0 0
0 0 0 0 0.00298553719008274 0.571301652892562 0.425712809917355 0 0 0 0 0 0 0 0 0 0 0 0 0 0
0 0 0 0 0 0.490950413223141 0.509008264462809 4.13223140495743e-05 0 0 0 0 0 0 0 0 0 0 0 0 0
0 0 0 0 0 0.409101239669422 0.586342975206611 0.00455578512396682 0 0 0 0 0 0 0 0 0 0 0 0 0
0 0 0 0 0 0.334710743801653 0.648760330578512 0.0165289256198345 0 0 0 0 0 0 0 0 0 0 0 0 0
0 0 0 0 0 0.267778925619835 0.696260330578512 0.0359607438016526 0 0 0 0 0 0 0 0 0 0 0 0 0
0 0 0 0 0 0.208305785123967 0.728842975206612 0.0628512396694211 0 0 0 0 0 0 0 0 0 0 0 0 0
0 0 0 0 0 0.156291322314050 0.74650826446281 0.0972004132231401 0 0 0 0 0 0 0 0 0 0 0 0 0
0 0 0 0 0 0.111735537190083 0.749256198347108 0.139008264462809 0 0 0 0 0 0 0 0 0 0 0 0 0
0 0 0 0 0 0.0746384297520663 0.737086776859504 0.188274793388429 0 0 0 0 0 0 0 0 0 0 0 0 0
0 0 0 0 0 0.0450000000000001 0.71 0.245000000000000 0 0 0 0 0 0 0 0 0 0 0 0 0
0 0 0 0 0 0.0228202479338844 0.667995867768595 0.309183884297520 0 0 0 0 0 0 0 0 0 0 0 0 0
0 0 0 0 0 0.00809917355371906 0.61107438016529 0.380826446280991 0 0 0 0 0 0 0 0 0 0 0 0 0
0 0 0 0 0 0.000836776859504147 0.539235537190083 0.459927685950413 0 0 0 0 0 0 0 0 0 0 0 0 0
0 0 0 0 0 0 0.455578512396695 0.543388429752066 0.00103305785123966 0 0 0 0 0 0 0 0 0 0 0 0
0 0 0 0 0 0 0.376869834710744 0.61444214876033 0.0086880165289256 0 0 0 0 0 0 0 0 0 0 0 0
0 0 0 0 0 0 0.305619834710744 0.670578512396694 0.0238016528925620 0 0 0 0 0 0 0 0 0 0 0 0
0 0 0 0 0 0 0.241828512396694 0.711797520661157 0.0463739669421488 0 0 0 0 0 0 0 0 0 0 0 0
0 0 0 0 0 0 0.185495867768595 0.738099173553719 0.076404958677686 0 0 0 0 0 0 0 0 0 0 0 0
0 0 0 0 0 0 0.136621900826446 0.74948347107438 0.113894628099174 0 0 0 0 0 0 0 0 0 0 0 0
0 0 0 0 0 0 0.0952066115702478 0.74595041322314 0.158842975206612 0 0 0 0 0 0 0 0 0 0 0 0
0 0 0 0 0 0 0.0612499999999999 0.7275 0.211250000000000 0 0 0 0 0 0 0 0 0 0 0 0
0 0 0 0 0 0 0.0347520661157024 0.694132231404959 0.271115702479339 0 0 0 0 0 0 0 0 0 0 0 0
0 0 0 0 0 0 0.0157128099173553 0.645847107438016 0.338440082644628 0 0 0 0 0 0 0 0 0 0 0 0
0 0 0 0 0 0 0.00413223140495862 0.582644628099173 0.413223140495868 0 0 0 0 0 0 0 0 0 0 0 0
0 0 0 0 0 0 1.03305785123936e-05 0.504524793388429 0.495464876033059 0 0 0 0 0 0 0 0 0 0 0 0
0 0 0 0 0 0 0 0.421528925619834 0.575123966942149 0.00334710743801659 0 0 0 0 0 0 0 0 0 0 0
0 0 0 0 0 0 0 0.345960743801652 0.639896694214877 0.0141425619834712 0 0 0 0 0 0 0 0 0 0 0
0 0 0 0 0 0 0 0.277851239669421 0.689752066115703 0.0323966942148763 0 0 0 0 0 0 0 0 0 0 0
0 0 0 0 0 0 0 0.21720041322314 0.724690082644628 0.0581095041322318 0 0 0 0 0 0 0 0 0 0 0
0 0 0 0 0 0 0 0.164008264462809 0.744710743801653 0.0912809917355377 0 0 0 0 0 0 0 0 0 0 0
0 0 0 0 0 0 0 0.118274793388429 0.749814049586777 0.131911157024794 0 0 0 0 0 0 0 0 0 0 0
0 0 0 0 0 0 0 0.0799999999999995 0.74 0.180000000000001 0 0 0 0 0 0 0 0 0 0 0
0 0 0 0 0 0 0 0.0491838842975202 0.715268595041322 0.235547520661158 0 0 0 0 0 0 0 0 0 0 0
0 0 0 0 0 0 0 0.0258264462809914 0.675619834710743 0.298553719008266 0 0 0 0 0 0 0 0 0 0 0
0 0 0 0 0 0 0 0.009927685950413 0.621053719008263 0.369018595041324 0 0 0 0 0 0 0 0 0 0 0
0 0 0 0 0 0 0 0.00148760330578503 0.551570247933883 0.446942148760332 0 0 0 0 0 0 0 0 0 0 0
0 0 0 0 0 0 0 0 0.468688016528924 0.530805785123969 0.000506198347107492 0 0 0 0 0 0 0 0 0 0
0 0 0 0 0 0 0 0 0.388801652892560 0.604214876033059 0.00698347107438036 0 0 0 0 0 0 0 0 0 0
0 0 0 0 0 0 0 0 0.316373966942147 0.662706611570249 0.0209194214876036 0 0 0 0 0 0 0 0 0 0
0 0 0 0 0 0 0 0 0.251404958677685 0.706280991735538 0.0423140495867773 0 0 0 0 0 0 0 0 0 0
0 0 0 0 0 0 0 0 0.193894628099172 0.734938016528926 0.0711673553719014 0 0 0 0 0 0 0 0 0 0
0 0 0 0 0 0 0 0 0.143842975206610 0.748677685950414 0.107479338842976 0 0 0 0 0 0 0 0 0 0
0 0 0 0 0 0 0 0 0.101249999999999 0.7475 0.151250000000001 0 0 0 0 0 0 0 0 0 0
0 0 0 0 0 0 0 0 0.066115702479338 0.731404958677686 0.202479338842976 0 0 0 0 0 0 0 0 0 0
0 0 0 0 0 0 0 0 0.0384400826446274 0.700392561983471 0.261167355371902 0 0 0 0 0 0 0 0 0 0
0 0 0 0 0 0 0 0 0.0182231404958673 0.654462809917355 0.327314049586778 0 0 0 0 0 0 0 0 0 0
0 0 0 0 0 0 0 0 0.00546487603305757 0.593615702479338 0.400919421487604 0 0 0 0 0 0 0 0 0 0
0 0 0 0 0 0 0 0 0.000165289256198297 0.51785123966942 0.481983471074381 0 0 0 0 0 0 0 0 0 0
0 0 0 0 0 0 0 0 0 0.43414256198347 0.56353305785124 0.00232438016528943 0 0 0 0 0 0 0 0 0
0 0 0 0 0 0 0 0 0 0.357396694214876 0.630661157024794 0.0119421487603309 0 0 0 0 0 0 0 0 0
0 0 0 0 0 0 0 0 0 0.288109504132231 0.682871900826446 0.0290185950413228 0 0 0 0 0 0 0 0 0
0 0 0 0 0 0 0 0 0 0.226280991735537 0.720165289256198 0.053553719008265 0 0 0 0 0 0 0 0 0
0 0 0 0 0 0 0 0 0 0.171911157024794 0.742541322314049 0.0855475206611575 0 0 0 0 0 0 0 0 0
0 0 0 0 0 0 0 0 0 0.125000000000000 0.749999999999999 0.125000000000000 0 0 0 0 0 0 0 0 0
0 0 0 0 0 0 0 0 0 0.0855475206611575 0.742541322314049 0.171911157024794 0 0 0 0 0 0 0 0 0
0 0 0 0 0 0 0 0 0 0.053553719008265 0.720165289256198 0.226280991735537 0 0 0 0 0 0 0 0 0
0 0 0 0 0 0 0 0 0 0.0290185950413228 0.682871900826446 0.288109504132231 0 0 0 0 0 0 0 0 0
0 0 0 0 0 0 0 0 0 0.0119421487603309 0.630661157024794 0.357396694214876 0 0 0 0 0 0 0 0 0
0 0 0 0 0 0 0 0 0 0.00232438016528943 0.56353305785124 0.43414256198347 0 0 0 0 0 0 0 0 0
0 0 0 0 0 0 0 0 0 0 0.481983471074381 0.51785123966942 0.000165289256198297 0 0 0 0 0 0 0 0
0 0 0 0 0 0 0 0 0 0 0.400919421487604 0.593615702479338 0.00546487603305757 0 0 0 0 0 0 0 0
0 0 0 0 0 0 0 0 0 0 0.327314049586778 0.654462809917355 0.0182231404958673 0 0 0 0 0 0 0 0
0 0 0 0 0 0 0 0 0 0 0.261167355371902 0.700392561983471 0.0384400826446274 0 0 0 0 0 0 0 0
0 0 0 0 0 0 0 0 0 0 0.202479338842976 0.731404958677686 0.066115702479338 0 0 0 0 0 0 0 0
0 0 0 0 0 0 0 0 0 0 0.151250000000001 0.7475 0.101249999999999 0 0 0 0 0 0 0 0
0 0 0 0 0 0 0 0 0 0 0.107479338842976 0.748677685950414 0.143842975206610 0 0 0 0 0 0 0 0
0 0 0 0 0 0 0 0 0 0 0.0711673553719014 0.734938016528926 0.193894628099172 0 0 0 0 0 0 0 0
0 0 0 0 0 0 0 0 0 0 0.0423140495867773 0.706280991735538 0.251404958677685 0 0 0 0 0 0 0 0
0 0 0 0 0 0 0 0 0 0 0.0209194214876036 0.662706611570249 0.316373966942147 0 0 0 0 0 0 0 0
0 0 0 0 0 0 0 0 0 0 0.00698347107438036 0.604214876033059 0.388801652892560 0 0 0 0 0 0 0 0
0 0 0 0 0 0 0 0 0 0 0.000506198347107492 0.530805785123969 0.468688016528924 0 0 0 0 0 0 0 0
0 0 0 0 0 0 0 0 0 0 0 0.446942148760332 0.551570247933883 0.00148760330578503 0 0 0 0 0 0 0
0 0 0 0 0 0 0 0 0 0 0 0.369018595041324 0.621053719008263 0.009927685950413 0 0 0 0 0 0 0
0 0 0 0 0 0 0 0 0 0 0 0.298553719008266 0.675619834710743 0.0258264462809914 0 0 0 0 0 0 0
0 0 0 0 0 0 0 0 0 0 0 0.235547520661158 0.715268595041322 0.0491838842975202 0 0 0 0 0 0 0
0 0 0 0 0 0 0 0 0 0 0 0.180000000000001 0.74 0.0799999999999995 0 0 0 0 0 0 0
0 0 0 0 0 0 0 0 0 0 0 0.131911157024794 0.749814049586777 0.118274793388429 0 0 0 0 0 0 0
0 0 0 0 0 0 0 0 0 0 0 0.0912809917355377 0.744710743801653 0.164008264462809 0 0 0 0 0 0 0
0 0 0 0 0 0 0 0 0 0 0 0.0581095041322318 0.724690082644628 0.21720041322314 0 0 0 0 0 0 0
0 0 0 0 0 0 0 0 0 0 0 0.0323966942148763 0.689752066115703 0.277851239669421 0 0 0 0 0 0 0
0 0 0 0 0 0 0 0 0 0 0 0.0141425619834712 0.639896694214877 0.345960743801652 0 0 0 0 0 0 0
0 0 0 0 0 0 0 0 0 0 0 0.00334710743801659 0.575123966942149 0.421528925619834 0 0 0 0 0 0 0
0 0 0 0 0 0 0 0 0 0 0 0 0.495464876033059 0.504524793388429 1.03305785123936e-05 0 0 0 0 0 0
0 0 0 0 0 0 0 0 0 0 0 0 0.413223140495868 0.582644628099173 0.00413223140495862 0 0 0 0 0 0
0 0 0 0 0 0 0 0 0 0 0 0 0.338440082644628 0.645847107438016 0.0157128099173553 0 0 0 0 0 0
0 0 0 0 0 0 0 0 0 0 0 0 0.271115702479339 0.694132231404959 0.0347520661157024 0 0 0 0 0 0
0 0 0 0 0 0 0 0 0 0 0 0 0.211250000000000 0.7275 0.0612499999999999 0 0 0 0 0 0
0 0 0 0 0 0 0 0 0 0 0 0 0.158842975206612 0.74595041322314 0.0952066115702478 0 0 0 0 0 0
0 0 0 0 0 0 0 0 0 0 0 0 0.113894628099174 0.74948347107438 0.136621900826446 0 0 0 0 0 0
0 0 0 0 0 0 0 0 0 0 0 0 0.076404958677686 0.738099173553719 0.185495867768595 0 0 0 0 0 0
0 0 0 0 0 0 0 0 0 0 0 0 0.0463739669421488 0.711797520661157 0.241828512396694 0 0 0 0 0 0
0 0 0 0 0 0 0 0 0 0 0 0 0.0238016528925620 0.670578512396694 0.305619834710744 0 0 0 0 0 0
0 0 0 0 0 0 0 0 0 0 0 0 0.0086880165289256 0.61444214876033 0.376869834710744 0 0 0 0 0 0
0 0 0 0 0 0 0 0 0 0 0 0 0.00103305785123966 0.543388429752066 0.455578512396695 0 0 0 0 0 0
0 0 0 0 0 0 0 0 0 0 0 0 0 0.459927685950413 0.539235537190083 0.000836776859504145 0 0 0 0 0
0 0 0 0 0 0 0 0 0 0 0 0 0 0.380826446280991 0.61107438016529 0.00809917355371904 0 0 0 0 0
0 0 0 0 0 0 0 0 0 0 0 0 0 0.309183884297520 0.667995867768595 0.0228202479338843 0 0 0 0 0
0 0 0 0 0 0 0 0 0 0 0 0 0 0.245000000000000 0.71 0.045 0 0 0 0 0
0 0 0 0 0 0 0 0 0 0 0 0 0 0.188274793388429 0.737086776859505 0.0746384297520662 0 0 0 0 0
0 0 0 0 0 0 0 0 0 0 0 0 0 0.139008264462809 0.749256198347108 0.111735537190083 0 0 0 0 0
0 0 0 0 0 0 0 0 0 0 0 0 0 0.0972004132231401 0.74650826446281 0.156291322314050 0 0 0 0 0
0 0 0 0 0 0 0 0 0 0 0 0 0 0.0628512396694211 0.728842975206612 0.208305785123967 0 0 0 0 0
0 0 0 0 0 0 0 0 0 0 0 0 0 0.0359607438016526 0.696260330578513 0.267778925619835 0 0 0 0 0
0 0 0 0 0 0 0 0 0 0 0 0 0 0.0165289256198345 0.648760330578513 0.334710743801653 0 0 0 0 0
0 0 0 0 0 0 0 0 0 0 0 0 0 0.00455578512396682 0.586342975206612 0.409101239669421 0 0 0 0 0
0 0 0 0 0 0 0 0 0 0 0 0 0 4.13223140495743e-05 0.50900826446281 0.49095041322314 0 0 0 0 0
0 0 0 0 0 0 0 0 0 0 0 0 0 0 0.425712809917356 0.571301652892561 0.00298553719008274 0 0 0 0
0 0 0 0 0 0 0 0 0 0 0 0 0 0 0.349752066115703 0.63685950413223 0.0133884297520663 0 0 0 0
0 0 0 0 0 0 0 0 0 0 0 0 0 0 0.281250000000001 0.687499999999999 0.0312500000000002 0 0 0 0
0 0 0 0 0 0 0 0 0 0 0 0 0 0 0.220206611570249 0.723223140495867 0.0565702479338845 0 0 0 0
0 0 0 0 0 0 0 0 0 0 0 0 0 0 0.166621900826447 0.744028925619833 0.0893491735537192 0 0 0 0
0 0 0 0 0 0 0 0 0 0 0 0 0 0 0.120495867768596 0.7499173553719 0.129586776859504 0 0 0 0
0 0 0 0 0 0 0 0 0 0 0 0 0 0 0.0818285123966953 0.740888429752065 0.177283057851240 0 0 0 0
0 0 0 0 0 0 0 0 0 0 0 0 0 0 0.0506198347107447 0.71694214876033 0.232438016528926 0 0 0 0
0 0 0 0 0 0 0 0 0 0 0 0 0 0 0.0268698347107446 0.678078512396694 0.295051652892562 0 0 0 0
0 0 0 0 0 0 0 0 0 0 0 0 0 0 0.0105785123966947 0.624297520661157 0.365123966942148 0 0 0 0
0 0 0 0 0 0 0 0 0 0 0 0 0 0 0.00174586776859527 0.555599173553719 0.442654958677685 0 0 0 0
0 0 0 0 0 0 0 0 0 0 0 0 0 0 0 0.47309917355372 0.526528925619834 0.000371900826446171 0 0 0
0 0 0 0 0 0 0 0 0 0 0 0 0 0 0 0.392820247933885 0.600723140495868 0.00645661157024752 0 0 0
0 0 0 0 0 0 0 0 0 0 0 0 0 0 0 0.32 0.66 0.0199999999999993 0 0 0
0 0 0 0 0 0 0 0 0 0 0 0 0 0 0 0.254638429752066 0.704359504132232 0.0410020661157016 0 0 0
0 0 0 0 0 0 0 0 0 0 0 0 0 0 0 0.196735537190082 0.733801652892563 0.0694628099173544 0 0 0
0 0 0 0 0 0 0 0 0 0 0 0 0 0 0 0.146291322314049 0.748326446280993 0.105382231404958 0 0 0
0 0 0 0 0 0 0 0 0 0 0 0 0 0 0 0.103305785123966 0.747933884297522 0.148760330578511 0 0 0
0 0 0 0 0 0 0 0 0 0 0 0 0 0 0 0.067778925619834 0.73262396694215 0.199597107438016 0 0 0
0 0 0 0 0 0 0 0 0 0 0 0 0 0 0 0.0397107438016523 0.702396694214877 0.257892561983470 0 0 0
0 0 0 0 0 0 0 0 0 0 0 0 0 0 0 0.0191012396694210 0.657252066115704 0.323646694214876 0 0 0
0 0 0 0 0 0 0 0 0 0 0 0 0 0 0 0.00595041322314017 0.597190082644629 0.396859504132231 0 0 0
0 0 0 0 0 0 0 0 0 0 0 0 0 0 0 0.000258264462809841 0.522210743801653 0.477530991735537 0 0 0
0 0 0 0 0 0 0 0 0 0 0 0 0 0 0 0 0.438388429752066 0.559586776859504 0.00202479338842996 0 0
0 0 0 0 0 0 0 0 0 0 0 0 0 0 0 0 0.36125 0.6275 0.0112500000000004 0 0
0 0 0 0 0 0 0 0 0 0 0 0 0 0 0 0 0.291570247933885 0.680495867768594 0.0279338842975213 0 0
0 0 0 0 0 0 0 0 0 0 0 0 0 0 0 0 0.229349173553719 0.718574380165288 0.0520764462809925 0 0
0 0 0 0 0 0 0 0 0 0 0 0 0 0 0 0 0.174586776859505 0.741735537190081 0.083677685950414 0 0
0 0 0 0 0 0 0 0 0 0 0 0 0 0 0 0 0.127283057851240 0.749979338842974 0.122737603305786 0 0
0 0 0 0 0 0 0 0 0 0 0 0 0 0 0 0 0.087438016528926 0.743305785123966 0.169256198347108 0 0
0 0 0 0 0 0 0 0 0 0 0 0 0 0 0 0 0.0550516528925624 0.721714876033057 0.223233471074381 0 0
0 0 0 0 0 0 0 0 0 0 0 0 0 0 0 0 0.0301239669421491 0.685206611570247 0.284669421487604 0 0
0 0 0 0 0 0 0 0 0 0 0 0 0 0 0 0 0.0126549586776862 0.633780991735537 0.353564049586777 0 0
0 0 0 0 0 0 0 0 0 0 0 0 0 0 0 0 0.00264462809917369 0.567438016528926 0.429917355371901 0 0
0 0 0 0 0 0 0 0 0 0 0 0 0 0 0 0 0 0.486456611570248 0.51345041322314 9.29752066115423e-05 0
0 0 0 0 0 0 0 0 0 0 0 0 0 0 0 0 0 0.405000000000000 0.59 0.0049999999999998 0
0 0 0 0 0 0 0 0 0 0 0 0 0 0 0 0 0 0.331002066115703 0.651632231404959 0.0173657024793385 0
0 0 0 0 0 0 0 0 0 0 0 0 0 0 0 0 0 0.264462809917356 0.698347107438017 0.0371900826446276 0
0 0 0 0 0 0 0 0 0 0 0 0 0 0 0 0 0 0.205382231404959 0.730144628099174 0.0644731404958672 0
0 0 0 0 0 0 0 0 0 0 0 0 0 0 0 0 0 0.153760330578513 0.74702479338843 0.0992148760330571 0
0 0 0 0 0 0 0 0 0 0 0 0 0 0 0 0 0 0.109597107438017 0.748987603305786 0.141415289256198 0
0 0 0 0 0 0 0 0 0 0 0 0 0 0 0 0 0 0.0728925619834714 0.73603305785124 0.191074380165288 0
0 0 0 0 0 0 0 0 0 0 0 0 0 0 0 0 0 0.0436466942148763 0.708161157024794 0.248192148760330 0
0 0 0 0 0 0 0 0 0 0 0 0 0 0 0 0 0 0.0218595041322316 0.665371900826447 0.312768595041321 0
0 0 0 0 0 0 0 0 0 0 0 0 0 0 0 0 0 0.0075309917355373 0.607665289256199 0.384803719008263 0
0 0 0 0 0 0 0 0 0 0 0 0 0 0 0 0 0 0.000661157024793425 0.53504132231405 0.464297520661156 0
0 0 0 0 0 0 0 0 0 0 0 0 0 0 0 0 0 0 0.451250000000001 0.546249999999999 0.0024999999999999
0 0 0 0 0 0 0 0 0 0 0 0 0 0 0 0 0 0 0.372933884297521 0.608471074380165 0.0185950413223138
0 0 0 0 0 0 0 0 0 0 0 0 0 0 0 0 0 0 0.302076446280992 0.648316115702479 0.0496074380165286
0 0 0 0 0 0 0 0 0 0 0 0 0 0 0 0 0 0 0.238677685950414 0.665785123966942 0.0955371900826442
0 0 0 0 0 0 0 0 0 0 0 0 0 0 0 0 0 0 0.182737603305786 0.660878099173554 0.156384297520661
0 0 0 0 0 0 0 0 0 0 0 0 0 0 0 0 0 0 0.134256198347108 0.633595041322314 0.232148760330578
0 0 0 0 0 0 0 0 0 0 0 0 0 0 0 0 0 0 0.0932334710743804 0.583935950413223 0.322830578512396
0 0 0 0 0 0 0 0 0 0 0 0 0 0 0 0 0 0 0.0596694214876034 0.511900826446281 0.428429752066115
0 0 0 0 0 0 0 0 0 0 0 0 0 0 0 0 0 0 0.0335640495867769 0.417489669421488 0.548946280991735
0 0 0 0 0 0 0 0 0 0 0 0 0 0 0 0 0 0 0.0149173553719009 0.300702479338843 0.684380165289256
0 0 0 0 0 0 0 0 0 0 0 0 0 0 0 0 0 0 0.00372933884297521 0.161539256198347 0.834731404958678
0 0 0 0 0 0 0 0 0 0 0 0 0 0 0 0 0 0 0 0 1
# min,max index in B2 m
1 1
1 3
1 3
1 3
1 3
1 3
1 3
1 3
1 3
1 3
1 3
1 3
2 4
2 4
2 4
2 4
2 4
2 4
2 4
2 4
2 4
2 4
2 4
2 4
3 5
3 5
3 5
3 5
3 5
3 5
3 5
3 5
3 5
3 5
3 5
4 6
4 6
4 6
4 6
4 6
4 6
4 6
4 6
4 6
4 6
4 6
4 6
5 7
5 7
5 7
5 7
5 7
5 7
5 7
5 7
5 7
5 7
5 7
6 8
6 8
6 8
6 8
6 8
6 8
6 8
6 8
6 8
6 8
6 8
6 8
7 9
7 9
7 9
7 9
7 9
7 9
7 9
7 9
7 9
7 9
7 9
7 9
8 10
8 10
8 10
8 10
8 10
8 10
8 10
8 10
8 10
8 10
8 10
9 11
9 11
9 11
9 11
9 11
9 11
9 11
9 11
9 11
9 11
9 11
9 11
10 12
10 12
10 12
10 12
10 12
10 12
10 12
10 12
10 12
10 12
10 12
11 13
11 13
11 13
11 13
11 13
11 13
11 13
11 13
11 13
11 13
11 13
11 13
12 14
12 14
12 14
12 14
12 14
12 14
12 14
12 14
12 14
12 14
12 14
13 15
13 15
13 15
13 15
13 15
13 15
13 15
13 15
13 15
13 15
13 15
13 15
14 16
14 16
14 16
14 16
14 16
14 16
14 16
14 16
14 16
14 16
14 16
14 16
15 17
15 17
15 17
15 17
15 17
15 17
15 17
15 17
15 17
15 17
15 17
16 18
16 18
16 18
16 18
16 18
16 18
16 18
16 18
16 18
16 18
16 18
16 18
17 19
17 19
17 19
17 19
17 19
17 19
17 19
17 19
17 19
17 19
17 19
18 20
18 20
18 20
18 20
18 20
18 20
18 20
18 20
18 20
18 20
18 20
18 20
19 21
19 21
19 21
19 21
19 21
19 21
19 21
19 21
19 21
19 21
19 21
21 21
