1.999900000000000011 0.01957185185193011448
1.9999020000000000685 0.019571787771918612575
1.999904000000000126 0.019571723692125373578
1.9999060000000001835 0.019571659612550373203
1.9999080000000002411 0.019571595533193625327
1.9999100000000002986 0.019571531454055123012
1.9999120000000003561 0.019571467375134887073
1.9999140000000004136 0.019571403296432875879
1.9999160000000004711 0.019571339217949120654
1.9999180000000005286 0.019571275139683610989
1.9999200000000005861 0.019571211061636360762
1.9999220000000006436 0.019571146983807335279
1.9999240000000007011 0.019571082906196555357
1.9999260000000007587 0.019571018828804027934
1.9999280000000008162 0.019570954751629749541
1.9999300000000008737 0.019570890674673692422
1.9999320000000009312 0.019570826597935884333
1.9999340000000009887 0.019570762521416318336
1.9999360000000010462 0.019570698445114997899
1.9999380000000011037 0.019570634369031898736
1.9999400000000011612 0.019570570293167048603
1.9999420000000012188 0.019570506217520433623
1.9999440000000012763 0.019570442142092060733
1.9999460000000013338 0.019570378066881912588
1.9999480000000013913 0.019570313991889992655
1.9999500000000014488 0.019570249917116325222
1.9999520000000015063 0.019570185842560886003
1.9999540000000015638 0.019570121768223671527
1.9999560000000016213 0.019570057694104688734
1.9999580000000016788 0.019569993620203937623
1.9999600000000017364 0.019569929546521428604
1.9999620000000017939 0.019569865473057130451
1.9999640000000018514 0.019569801399811067449
1.9999660000000019089 0.019569737326783236131
1.9999680000000019664 0.019569673253973633026
1.9999700000000020239 0.019569609181382240787
1.9999720000000020814 0.01956954510900908023
1.9999740000000021389 0.019569481036854154826
1.9999760000000021964 0.019569416964917447227
1.999978000000002254 0.019569352893198953963
1.9999800000000023115 0.019569288821698688913
1.999982000000002369 0.019569224750416641667
1.9999840000000024265 0.019569160679352826104
1.999986000000002484 0.019569096608507210999
1.9999880000000025415 0.019569032537879827577
1.999990000000002599 0.01956896846747065849
1.9999920000000026565 0.019568904397279717616
1.999994000000002714 0.019568840327306973731
1.9999960000000027716 0.019568776257552454589
1.9999980000000028291 0.019568712188016153253
2.0000000000000026645 0.019568648118698066252
2.0000020000000025 0.019568584049598193586
2.0000040000000023355 0.019568519980716538725
2.0000060000000021709 0.019568455912053091261
2.0000080000000020064 0.019568391843607858133
2.0000100000000018419 0.01956832777538083587
2.0000120000000016773 0.019568263707372021004
2.0000140000000015128 0.019568199639581417004
2.0000160000000013483 0.019568135572009009993
2.0000180000000011837 0.019568071504654820786
2.0000200000000010192 0.019568007437518832037
2.0000220000000008547 0.019567943370601047215
2.0000240000000006901 0.019567879303901476729
2.0000260000000005256 0.019567815237420099761
2.0000280000000003611 0.019567751171156937129
2.0000300000000001965 0.019567687105111964546
2.000032000000000032 0.01956762303928519936
2.0000339999999998675 0.019567558973676631162
2.0000359999999997029 0.019567494908286270361
2.0000379999999995384 0.019567430843114099609
2.0000399999999993739 0.019567366778160146662
2.0000419999999992093 0.019567302713424362948
2.0000439999999990448 0.019567238648906793569
2.0000459999999988803 0.019567174584607417709
2.0000479999999987157 0.019567110520526231898
2.0000499999999985512 0.019567046456663246545
2.0000519999999983867 0.019566982393018447772
2.0000539999999982221 0.019566918329591849457
2.0000559999999980576 0.019566854266383434252
2.0000579999999978931 0.019566790203393216035
2.0000599999999977285 0.019566726140621191338
2.000061999999997564 0.01956666207806734975
2.0000639999999973995 0.019566598015731701682
2.0000659999999972349 0.019566533953614243663
2.0000679999999970704 0.019566469891714968754
2.0000699999999969059 0.019566405830033883895
2.0000719999999967413 0.019566341768570982146
2.0000739999999965768 0.019566277707326260038
2.0000759999999964123 0.01956621364629972451
2.0000779999999962477 0.01956614958549138597
2.0000799999999960832 0.019566085524901220133
2.0000819999999959187 0.019566021464529226997
2.0000839999999957541 0.019565957404375427381
2.0000859999999955896 0.019565893344439803936
2.0000879999999954251 0.019565829284722363601
2.0000899999999952605 0.019565765225223099438
2.000091999999995096 0.019565701165942011447
2.0000939999999949315 0.019565637106879103096
2.0000959999999947669 0.019565573048034367448
2.0000979999999946024 0.019565508989407811441
2.0000999999999944379 0.019565444930999428136
