# Number of parameters = 13  Objective function value = 1326.49  Maximum gradient component = 0.00307619
# gamma:
 -1.06578 -0.236660 0.175626
# log_psi:
2.48868274474
# alpha:
 17.5131671152 0.203532050526
# log_theta:
1.92698310626
# lambda:
-0.152729733087
# beta:
 -1.89854208931 -0.276124379837 0.0348535983801 -0.0261250480040
# a:
0.452942509762
# u:
 0.415881984904 -1.06102390703 0.183219883525 0.393200626788 -0.0585269024303 -0.541129113365 0.0850278910379 0.116290238478 0.193399022747 0.731042952253 -0.561437923649 2.40058141085 0.968532124428 -0.808128438212 -0.397382022760 -0.0201571922811 1.57378750004 0.0664942788983 -0.194575791540 -0.0884575622155 1.26925811781 -0.0388734281593 -0.931783938129 -0.262482470701 -0.780224542061 -0.811597536154 1.87547793832 0.932068332889 -0.354430014192 -0.928581196935 0.122331804451 -0.438023178842 -0.216944598477 0.00130996298272 -0.298440366592 0.591264525937 -0.223117921848 0.886989691645 -0.232674587076 0.572587408783 -0.468964578522 0.539800175556 0.605534127477 0.319228549034 0.782617890394 -0.926465189903 0.356794995670 0.271605691500 0.225341954927 -0.0388759607713 0.277734532642 2.99506657799 1.51447317715 -0.749808645903 0.327963899865 0.472601821916 0.571707379823 -0.960420701022 0.209591910545 -0.0334229782634 1.67427571418 -0.493965226735 -0.0601517771771 0.929105348332 0.727243201460 -0.665664468032 0.248255634223 -0.0212275424234 -0.420075002218 -1.23471279530 0.365874288551 0.0226812979686 0.337385480027 -0.295678325614 -0.0894905111851 -1.08015571531 0.449268460022 0.346687090766 -0.00119535811821 -0.812558051221 1.31918324225 0.725272659189 -1.14830821312 -0.161748164031 0.457258830904 0.000383920912440 -0.110977963558 -0.414722349294 -0.470107920182 0.106129225913 -0.707858721261 -0.328247360477 1.39186771279 -0.0926516290367 -0.639872705526 0.0723688446416 0.452880443031 -0.418420788802 -1.31726303586 -1.18237661257 -0.790877794413 0.387002806785 -0.0182826618893 -0.127702239684 1.32678026269 1.09000459564 0.384617737343 0.105126691412 0.744254109130 0.415853626478 -0.858880092458 -0.906671933555 0.428913402115 -0.729209579678 -0.650531598502 -1.48598097723 -0.475982261164 -0.544067176575 1.42886687446 0.530009496977 0.652105539125 -0.734370449836 -1.48766538853 0.406758119790 -0.200545491696 -0.0887441785593 -1.27734127972 0.428420742066 0.203164276103 -0.919542107487 -0.599424075755 -0.0172245787541 0.135644418658 0.139381042892 -1.38601622788 -0.568934184559 1.82493302488 0.338422356236 -0.785253390688 0.0826973298355 -0.138247131579 -0.464993835472 -0.973297195310 2.31715920665 1.42222910324 0.259779255469 -0.272249268787 -0.355658257050 1.33056473618 1.72879533719 -0.680176182126 1.58881992861 0.287100851421 -0.0245536612717 0.452450826216 -0.0488513993700 0.274651371663 0.518680436779 0.0736520112507 0.377183771560 0.0475816182844 -0.492837291258 0.882448476755 -0.631556954737 -0.669137332641 1.30545221709 0.743530151631 0.702627227655 -0.395361799781 1.25371163805 0.550453327075 0.00762103434765 -0.267932493107 -0.337277703786 0.383314267790 0.779252346801 0.553950720752 -0.475978837922 -1.03539150656 0.535539366256 0.759606742671 -1.67268266004 1.34618529064 0.504807649339 1.87607757780 -0.864014607683 -0.307112824073 -0.377841064759 -0.148438271669 0.131596513911 1.03589052425 0.991138307927 0.410587958260 -0.933067572526 0.634476613177 0.215932706483 0.865913888804 0.664697335388 0.559490725429 0.970198681386 1.57463144681 0.197683629198 0.585249479551 1.52410146472 1.58165337055 1.26209056908 1.23714242014 1.92629784935 3.17759624930 -0.205485190138 -0.513612076367 -0.550656017282 0.711119815482 0.860894845264 -0.792356017549 -0.668607525405 0.170571161845 -0.996605552549 1.23905792877 -0.707323840476 -0.195710846145 0.652493083045 -0.909452803352 0.291035473213 -1.55086461450 1.46348472773 -1.14401300763 -0.692030167445 2.49369338032 -0.714069563374 -0.288143612454 0.460876725777 0.417772170575 1.30962876398 1.69421904924 1.21230354770 -0.232541928095 0.115700515304 0.285112112315 -0.406647649118 0.117071445800 -0.727520318030 -1.37674209541 -0.469064614373 0.0580352697915 -0.720201930429 -0.0197208040945 0.343982206073 0.551977865953 0.439215246779 0.625852808928 -0.102539615008 2.11444656066 -0.528303312528 1.59273811097 0.0632780451453 -1.04517464124 1.92123741768 0.256525734975 -1.25517199550 -0.618016454755 -0.159792941512 0.592277715368 -0.998734071528 -0.510994004030 -0.322378691747 -0.700863083859 -2.07396539923 -0.567175458189 -0.346491231993 0.0101001064996 -0.389887768947 0.111734490424 -1.07355379866 -1.18629044060 0.651008796817 0.796032562706 -1.61378543253 0.110296582752 0.759136889890 -0.986614070317 0.995917777196 0.767829958939 0.00793754824210 -0.176024422965 0.122400283165 1.39574252566 1.69094040051 -0.174391785328 0.302368889343 0.444350769707 2.44959983640 0.521252349641 -0.514433216404 0.142316297268 -0.0719921014789 0.741857205828 -0.0972836869917 0.320950445205 -0.725772205554 -0.980745058049 -0.946653695614 -0.498133012802 1.63799718033 -1.51333609535 0.102642774617 -0.0544830429206 -0.0209304659874 -0.114879482457 -0.761981733023 -0.342474286551 -0.463103189375 -1.33311247298 -0.202101764673 -1.13788058861 -0.214730439905 -0.318478367220 -0.455451480135 0.357263823740 0.439785438847 -1.14979499194 0.955951269958 1.71318350963 1.45201630865 0.428313827621 1.73411844122 0.0123987915661 0.263498637822 -0.967369660390 -0.285446844794 -1.61066993314 1.08661138022 -0.851244921368
