 17 30.4997 -30.4997
 24 23.5372 -23.5372
 1 21.9965 -21.9965
 8 21.7868 -21.7868
 18 -20.0025 -20.0025
 7 14.2651 -14.2651
 6 9.22038 -9.22038
 2 8.01698 -8.01698
 3 3.96692 -3.96692
 23 3.26948 -3.26948
 22 3.11411 -3.11411
 5 1.86881 -1.86881
 4 1.28787 -1.28787
 19 0.877118 -0.877118
 21 -0.484757 -0.484757
 12 0.439828 -0.439828
 20 0.357087 -0.357087
 11 0.321397 -0.321397
 13 0.317816 -0.317816
 15 -0.179488 -0.179488
 10 -0.14931 -0.14931
 14 -0.147316 -0.147316
 9 0.145498 -0.145498
 16 -0.0320892 -0.0320892
 26 0.00195763 -0.00195763
 31 -0.00142472 -0.00142472
 29 0.00106402 -0.00106402
 30 -0.00104239 -0.00104239
 32 -0.000529304 -0.000529304
 27 -0.00025891 -0.00025891
 25 -0.000250562 -0.000250562
 28 -0.000222056 -0.000222056
