# "glmmadmb.dat" produced by dat_write() from R2admb Tue May 20 11:16:17 2014
# n 
 239 

# p_y 
 1 

# y 
0
0
0
0
0
0
0
0
0
0
0
0
0
0
0
0
0
0
0
0
0
0
0
0
0
0
0
0
0
0
0
0
0
0
0
0
0
0
0
9
0
4
0
40
0
0
0
0
0
0
0
0
0
0
0
0
0
0
0
0
0
0
0
0
3
0
3
0
0
0
35
0
0
0
0
0
0
0
0
7
0
0
0
0
1
11
15
0
0
0
0
37
0
0
0
0
0
0
0
0
0
0
0
0
0
0
0
0
0
0
0
0
0
0
0
0
0
0
0
0
0
0
0
0
0
0
0
0
0
0
0
0
0
0
0
0
0
2
0
0
0
0
0
0
0
0
0
0
0
0
0
0
0
0
0
0
0
0
0
0
0
0
0
0
0
0
0
0
0
0
0
0
0
0
7
0
12
0
14
0
0
21
0
10
0
0
3
0
2
0
1
2
3
0
0
0
0
0
0
0
6
0
0
0
0
6
0
0
0
33
0
0
0
0
0
0
7
0
0
51
0
0
83
20
1
3
0
40
80
21
0
0
0
0
0
0
22
0
0

# p 
 4 

# X 
1 1.88 0.28 0.19
1 1.95 0.2 0.34
1 1.56 0.2 0.2
1 1.7 0.2 0.32
1 1.67 0.11 0.38
1 1.82 0.46 0.25
1 1.58 0.15 0.24
1 1.81 0.56 0.23
1 1.7 0.11 0.35
1 1.7 0.15 0.24
1 1.9 0.18 0.24
1 1.79 0.11 0.26
1 1.83 0.11 0.61
1 2 0.15 0.58
1 1.61 0.15 0.51
1 1.52 0.11 0.48
1 1.7 0.15 0.53
1 1.62 0.15 0.44
1 1.85 0.15 0.57
1 1.51 0.15 0.53
1 1.84 0.15 0.55
1 1.71 0.11 0.49
1 1.69 0.11 0.44
1 1.89 0.11 0.03
1 1.72 0.11 0.6
1 1.68 0.15 0.64
1 1.73 0.11 0.48
1 1.8 0.15 0.56
1 1.6 0.08 0.53
1 1.56 0.08 0.55
1 1.73 0.23 0.27
1 1.94 0 0.56
1 1.97 0 0.49
1 1.86 0.04 0.54
1 1.95 0 0.49
1 1.63 0.49 0.27
1 1.88 0.45 0.46
1 1.24 0.62 0.48
1 1.09 0.63 0.44
1 1.02 0.57 0.38
1 0.82 0.8 0.65
1 1.64 0.41 0.44
1 0.93 0.73 0.51
1 1.58 0.52 0.25
1 1.26 0.64 0.35
1 1.35 0.53 0.55
1 1.71 0.57 0.52
1 1.53 0.36 0.49
1 1.69 0.38 0.41
1 1.37 0.4 0.29
1 1.26 0.34 0.24
1 1.61 0.38 0.43
1 1.45 0.38 0.34
1 1.17 0.53 0.55
1 1.8 0.36 0.47
1 1.03 0.41 0.28
1 1.17 0.45 0.5
1 1.55 0.38 0.33
1 1.84 0.28 0.3
1 1.45 0.41 0.68
1 1.35 0.32 0.67
1 1.48 0.36 0.62
1 1.45 0.36 0.5
1 1.47 0.36 0.39
1 1.34 0.51 0.34
1 1.05 0.72 0.66
1 1.26 0.56 0.36
1 1.27 0.51 0.67
1 1.66 0.41 0.37
1 1.49 0.26 0.2
1 0.8 0.43 0.26
1 1.72 0.72 0.63
1 1.81 0.15 0.28
1 1.89 0.18 0.35
1 1.54 0.26 0.29
1 1.6 0.23 0.24
1 1.3 0.15 0.53
1 1.21 0.82 0.58
1 1.62 0.68 0.67
1 1.24 0.64 0.75
1 1.22 0.82 0.45
1 0.72 1.04 0.98
1 1.44 0.81 0.8
1 0.99 0.72 0.61
1 0.93 1 0.88
1 1.2 0.66 0.6
1 1.04 0.75 0.69
1 1.08 0.57 0.41
1 1.52 0.34 0.81
1 1.77 0.28 0.65
1 1.67 0.3 0.5
1 1.2 0.51 0.39
1 1.59 0.3 0.59
1 1.7 0.36 0.2
1 1.84 0.26 0.49
1 1.28 0.23 0.3
1 1.4 0.23 0.47
1 1.45 0.2 0.49
1 1.45 0.23 0.4
1 1.78 0.4 0.19
1 1.26 0.23 0.29
1 1.68 0.57 0.29
1 1.37 0.28 0.31
1 1.57 0.26 0.3
1 1.81 0.23 0.53
1 1.61 0.3 0.17
1 1.72 0.23 0.32
1 1.33 0.26 0.21
1 1.29 0.23 0.25
1 1.65 0.2 0.21
1 1.49 0.23 0.03
1 1.33 0.15 0.47
1 1.82 0.23 0.34
1 1.26 0.23 0.28
1 1.37 0.26 0.21
1 1.64 0.23 0.22
1 1.84 0.2 0.22
1 1.6 0.15 0.4
1 1.6 0.08 0.47
1 1.68 0.08 0.38
1 1.72 0.11 0.3
1 1.68 0.18 0.28
1 1.58 0.2 0.15
1 1.66 0.15 0.34
1 1.61 0.28 0.36
1 1.94 0.04 0.6
1 1.71 0.23 0.67
1 1.56 0.18 0.23
1 1.91 0.15 0.35
1 1.91 0.15 0.32
1 1.71 0.23 0.4
1 1.61 0.2 0.31
1 1.91 0.18 0.41
1 1.75 0.32 0.21
1 1.88 0.23 0.28
1 1.53 0.28 0.25
1 1.49 0.2 0.17
1 1.52 0.2 0.4
1 1.46 0.23 0.32
1 1.8 0.36 0.09
1 1.41 0.23 0.29
1 1.73 0.53 0.07
1 1.58 0.26 0.39
1 1.66 0.23 0.24
1 1.87 0.2 0.28
1 1.78 0.23 0.23
1 1.81 0.15 0.23
1 1.5 0.18 0.39
1 1.56 0.18 0.35
1 1.6 0.23 0.28
1 1.68 0.18 0.36
1 1.43 0.11 0.43
1 1.89 0.18 0.34
1 1.5 0.18 0.24
1 1.82 0.34 0.29
1 1.73 0.18 0.18
1 1.91 0.18 0.39
1 1.63 0.11 0.29
1 1.65 0.08 0.46
1 1.66 0.15 0.15
1 1.66 0.15 0.46
1 1.7 0.08 0.11
1 1.62 0.18 0.14
1 1.51 0.26 0.22
1 1.51 0.28 0.19
1 1.63 0.15 0.41
1 1.71 0.3 0.33
1 1.72 0.11 0.34
1 1.09 0.11 0.53
1 1.49 0.26 0.29
1 2.04 0.15 0.24
1 1.72 0.26 0.19
1 1.77 0.18 0.37
1 1.81 0.11 0.27
1 1.6 0.52 0.34
1 1.76 0.43 0.44
1 1.26 0.6 0.4
1 1.09 0.6 0.36
1 1.26 0.52 0.36
1 0.92 0.62 0.63
1 1.65 0.51 0.35
1 1.13 0.61 0.56
1 1.51 0.7 0.17
1 1.29 0.59 0.49
1 1.35 0.46 0.31
1 1.72 0.51 0.51
1 1.48 0.46 0.3
1 1.63 0.51 0.51
1 1.31 0.53 0.46
1 1.41 0.51 0.41
1 1.57 0.46 0.25
1 1.45 0.49 0.4
1 0.98 0.65 0.47
1 1.79 0.49 0.52
1 0.95 0.57 0.22
1 1.04 0.62 0.32
1 1.55 0.52 0.59
1 1.8 0.46 0.59
1 1.39 0.36 0.46
1 1.38 0.2 0.55
1 1.45 0.34 0.4
1 1.42 0.36 0.51
1 1.13 0.26 0.44
1 1.07 0.4 0.41
1 1.03 0.69 0.46
1 1.32 0.64 0.35
1 1.29 0.51 0.58
1 1.59 0.54 0.5
1 1.63 0.49 0.46
1 0.81 0.53 0.47
1 1.64 0.26 0.98
1 1.96 0.26 0.4
1 1.66 0.3 0.32
1 1.49 0.45 0.47
1 1.6 0.4 0.32
1 1.53 0.23 0.34
1 1.52 0.73 0.58
1 1.06 0.98 0.58
1 0.81 1.34 1.08
1 1.27 0.93 0.66
1 1.43 0.88 0.61
1 1.09 0.99 0.76
1 0.86 1.39 1.02
1 0.92 1.34 1.13
1 1.53 0.84 0.88
1 0.78 1.29 1.1
1 1.58 0.78 0.82
1 0.97 1.23 1.1
1 0.73 1.4 1.17
1 0.94 0.97 0.79
1 0.96 1.17 0.74
1 0.91 0.99 0.78
1 0.58 0.77 0.97
1 1.67 0.11 0.86
1 1.53 0.52 0.56
1 1.21 0.52 0.56
1 1.2 0.8 0.8
1 1.18 0.75 0.84
1 1.75 0.47 0.42

# M 
 2 

# q 
 42 8 

# m 
 1 4 

# ncolZ 
 5 

# Z 
1 1 1.88 0.28 0.19
1 1 1.95 0.2 0.34
1 1 1.56 0.2 0.2
1 1 1.7 0.2 0.32
1 1 1.67 0.11 0.38
1 1 1.82 0.46 0.25
1 1 1.58 0.15 0.24
1 1 1.81 0.56 0.23
1 1 1.7 0.11 0.35
1 1 1.7 0.15 0.24
1 1 1.9 0.18 0.24
1 1 1.79 0.11 0.26
1 1 1.83 0.11 0.61
1 1 2 0.15 0.58
1 1 1.61 0.15 0.51
1 1 1.52 0.11 0.48
1 1 1.7 0.15 0.53
1 1 1.62 0.15 0.44
1 1 1.85 0.15 0.57
1 1 1.51 0.15 0.53
1 1 1.84 0.15 0.55
1 1 1.71 0.11 0.49
1 1 1.69 0.11 0.44
1 1 1.89 0.11 0.03
1 1 1.72 0.11 0.6
1 1 1.68 0.15 0.64
1 1 1.73 0.11 0.48
1 1 1.8 0.15 0.56
1 1 1.6 0.08 0.53
1 1 1.56 0.08 0.55
1 1 1.73 0.23 0.27
1 1 1.94 0 0.56
1 1 1.97 0 0.49
1 1 1.86 0.04 0.54
1 1 1.95 0 0.49
1 1 1.63 0.49 0.27
1 1 1.88 0.45 0.46
1 1 1.24 0.62 0.48
1 1 1.09 0.63 0.44
1 1 1.02 0.57 0.38
1 1 0.82 0.8 0.65
1 1 1.64 0.41 0.44
1 1 0.93 0.73 0.51
1 1 1.58 0.52 0.25
1 1 1.26 0.64 0.35
1 1 1.35 0.53 0.55
1 1 1.71 0.57 0.52
1 1 1.53 0.36 0.49
1 1 1.69 0.38 0.41
1 1 1.37 0.4 0.29
1 1 1.26 0.34 0.24
1 1 1.61 0.38 0.43
1 1 1.45 0.38 0.34
1 1 1.17 0.53 0.55
1 1 1.8 0.36 0.47
1 1 1.03 0.41 0.28
1 1 1.17 0.45 0.5
1 1 1.55 0.38 0.33
1 1 1.84 0.28 0.3
1 1 1.45 0.41 0.68
1 1 1.35 0.32 0.67
1 1 1.48 0.36 0.62
1 1 1.45 0.36 0.5
1 1 1.47 0.36 0.39
1 1 1.34 0.51 0.34
1 1 1.05 0.72 0.66
1 1 1.26 0.56 0.36
1 1 1.27 0.51 0.67
1 1 1.66 0.41 0.37
1 1 1.49 0.26 0.2
1 1 0.8 0.43 0.26
1 1 1.72 0.72 0.63
1 1 1.81 0.15 0.28
1 1 1.89 0.18 0.35
1 1 1.54 0.26 0.29
1 1 1.6 0.23 0.24
1 1 1.3 0.15 0.53
1 1 1.21 0.82 0.58
1 1 1.62 0.68 0.67
1 1 1.24 0.64 0.75
1 1 1.22 0.82 0.45
1 1 0.72 1.04 0.98
1 1 1.44 0.81 0.8
1 1 0.99 0.72 0.61
1 1 0.93 1 0.88
1 1 1.2 0.66 0.6
1 1 1.04 0.75 0.69
1 1 1.08 0.57 0.41
1 1 1.52 0.34 0.81
1 1 1.77 0.28 0.65
1 1 1.67 0.3 0.5
1 1 1.2 0.51 0.39
1 1 1.59 0.3 0.59
1 1 1.7 0.36 0.2
1 1 1.84 0.26 0.49
1 1 1.28 0.23 0.3
1 1 1.4 0.23 0.47
1 1 1.45 0.2 0.49
1 1 1.45 0.23 0.4
1 1 1.78 0.4 0.19
1 1 1.26 0.23 0.29
1 1 1.68 0.57 0.29
1 1 1.37 0.28 0.31
1 1 1.57 0.26 0.3
1 1 1.81 0.23 0.53
1 1 1.61 0.3 0.17
1 1 1.72 0.23 0.32
1 1 1.33 0.26 0.21
1 1 1.29 0.23 0.25
1 1 1.65 0.2 0.21
1 1 1.49 0.23 0.03
1 1 1.33 0.15 0.47
1 1 1.82 0.23 0.34
1 1 1.26 0.23 0.28
1 1 1.37 0.26 0.21
1 1 1.64 0.23 0.22
1 1 1.84 0.2 0.22
1 1 1.6 0.15 0.4
1 1 1.6 0.08 0.47
1 1 1.68 0.08 0.38
1 1 1.72 0.11 0.3
1 1 1.68 0.18 0.28
1 1 1.58 0.2 0.15
1 1 1.66 0.15 0.34
1 1 1.61 0.28 0.36
1 1 1.94 0.04 0.6
1 1 1.71 0.23 0.67
1 1 1.56 0.18 0.23
1 1 1.91 0.15 0.35
1 1 1.91 0.15 0.32
1 1 1.71 0.23 0.4
1 1 1.61 0.2 0.31
1 1 1.91 0.18 0.41
1 1 1.75 0.32 0.21
1 1 1.88 0.23 0.28
1 1 1.53 0.28 0.25
1 1 1.49 0.2 0.17
1 1 1.52 0.2 0.4
1 1 1.46 0.23 0.32
1 1 1.8 0.36 0.09
1 1 1.41 0.23 0.29
1 1 1.73 0.53 0.07
1 1 1.58 0.26 0.39
1 1 1.66 0.23 0.24
1 1 1.87 0.2 0.28
1 1 1.78 0.23 0.23
1 1 1.81 0.15 0.23
1 1 1.5 0.18 0.39
1 1 1.56 0.18 0.35
1 1 1.6 0.23 0.28
1 1 1.68 0.18 0.36
1 1 1.43 0.11 0.43
1 1 1.89 0.18 0.34
1 1 1.5 0.18 0.24
1 1 1.82 0.34 0.29
1 1 1.73 0.18 0.18
1 1 1.91 0.18 0.39
1 1 1.63 0.11 0.29
1 1 1.65 0.08 0.46
1 1 1.66 0.15 0.15
1 1 1.66 0.15 0.46
1 1 1.7 0.08 0.11
1 1 1.62 0.18 0.14
1 1 1.51 0.26 0.22
1 1 1.51 0.28 0.19
1 1 1.63 0.15 0.41
1 1 1.71 0.3 0.33
1 1 1.72 0.11 0.34
1 1 1.09 0.11 0.53
1 1 1.49 0.26 0.29
1 1 2.04 0.15 0.24
1 1 1.72 0.26 0.19
1 1 1.77 0.18 0.37
1 1 1.81 0.11 0.27
1 1 1.6 0.52 0.34
1 1 1.76 0.43 0.44
1 1 1.26 0.6 0.4
1 1 1.09 0.6 0.36
1 1 1.26 0.52 0.36
1 1 0.92 0.62 0.63
1 1 1.65 0.51 0.35
1 1 1.13 0.61 0.56
1 1 1.51 0.7 0.17
1 1 1.29 0.59 0.49
1 1 1.35 0.46 0.31
1 1 1.72 0.51 0.51
1 1 1.48 0.46 0.3
1 1 1.63 0.51 0.51
1 1 1.31 0.53 0.46
1 1 1.41 0.51 0.41
1 1 1.57 0.46 0.25
1 1 1.45 0.49 0.4
1 1 0.98 0.65 0.47
1 1 1.79 0.49 0.52
1 1 0.95 0.57 0.22
1 1 1.04 0.62 0.32
1 1 1.55 0.52 0.59
1 1 1.8 0.46 0.59
1 1 1.39 0.36 0.46
1 1 1.38 0.2 0.55
1 1 1.45 0.34 0.4
1 1 1.42 0.36 0.51
1 1 1.13 0.26 0.44
1 1 1.07 0.4 0.41
1 1 1.03 0.69 0.46
1 1 1.32 0.64 0.35
1 1 1.29 0.51 0.58
1 1 1.59 0.54 0.5
1 1 1.63 0.49 0.46
1 1 0.81 0.53 0.47
1 1 1.64 0.26 0.98
1 1 1.96 0.26 0.4
1 1 1.66 0.3 0.32
1 1 1.49 0.45 0.47
1 1 1.6 0.4 0.32
1 1 1.53 0.23 0.34
1 1 1.52 0.73 0.58
1 1 1.06 0.98 0.58
1 1 0.81 1.34 1.08
1 1 1.27 0.93 0.66
1 1 1.43 0.88 0.61
1 1 1.09 0.99 0.76
1 1 0.86 1.39 1.02
1 1 0.92 1.34 1.13
1 1 1.53 0.84 0.88
1 1 0.78 1.29 1.1
1 1 1.58 0.78 0.82
1 1 0.97 1.23 1.1
1 1 0.73 1.4 1.17
1 1 0.94 0.97 0.79
1 1 0.96 1.17 0.74
1 1 0.91 0.99 0.78
1 1 0.58 0.77 0.97
1 1 1.67 0.11 0.86
1 1 1.53 0.52 0.56
1 1 1.21 0.52 0.56
1 1 1.2 0.8 0.8
1 1 1.18 0.75 0.84
1 1 1.75 0.47 0.42

# II 
1 43 51 59 67
2 43 51 59 67
3 43 51 59 67
11 43 51 59 67
12 43 51 59 67
13 43 51 59 67
15 43 51 59 67
19 43 51 59 67
21 43 51 59 67
22 43 51 59 67
24 43 51 59 67
33 43 51 59 67
1 45 53 61 69
2 45 53 61 69
3 45 53 61 69
4 45 53 61 69
11 45 53 61 69
12 45 53 61 69
13 45 53 61 69
15 45 53 61 69
19 45 53 61 69
21 45 53 61 69
22 45 53 61 69
24 45 53 61 69
27 45 53 61 69
28 45 53 61 69
33 45 53 61 69
34 45 53 61 69
35 45 53 61 69
36 45 53 61 69
37 45 53 61 69
38 45 53 61 69
39 45 53 61 69
40 45 53 61 69
42 45 53 61 69
1 46 54 62 70
2 46 54 62 70
3 46 54 62 70
4 46 54 62 70
11 46 54 62 70
12 46 54 62 70
13 46 54 62 70
15 46 54 62 70
19 46 54 62 70
21 46 54 62 70
22 46 54 62 70
24 46 54 62 70
5 46 54 62 70
6 46 54 62 70
7 46 54 62 70
8 46 54 62 70
14 46 54 62 70
16 46 54 62 70
17 46 54 62 70
18 46 54 62 70
20 46 54 62 70
23 46 54 62 70
9 46 54 62 70
10 46 54 62 70
31 46 54 62 70
32 46 54 62 70
25 46 54 62 70
26 46 54 62 70
27 46 54 62 70
28 46 54 62 70
29 46 54 62 70
30 46 54 62 70
33 46 54 62 70
34 46 54 62 70
35 46 54 62 70
36 46 54 62 70
37 46 54 62 70
38 46 54 62 70
39 46 54 62 70
40 46 54 62 70
41 46 54 62 70
42 46 54 62 70
1 44 52 60 68
2 44 52 60 68
13 44 52 60 68
19 44 52 60 68
22 44 52 60 68
24 44 52 60 68
27 44 52 60 68
28 44 52 60 68
33 44 52 60 68
34 44 52 60 68
35 44 52 60 68
37 44 52 60 68
38 44 52 60 68
39 44 52 60 68
40 44 52 60 68
42 44 52 60 68
1 47 55 63 71
2 47 55 63 71
3 47 55 63 71
4 47 55 63 71
11 47 55 63 71
12 47 55 63 71
13 47 55 63 71
15 47 55 63 71
19 47 55 63 71
21 47 55 63 71
22 47 55 63 71
24 47 55 63 71
5 47 55 63 71
6 47 55 63 71
7 47 55 63 71
8 47 55 63 71
14 47 55 63 71
16 47 55 63 71
17 47 55 63 71
18 47 55 63 71
20 47 55 63 71
23 47 55 63 71
9 47 55 63 71
10 47 55 63 71
31 47 55 63 71
32 47 55 63 71
27 47 55 63 71
28 47 55 63 71
29 47 55 63 71
30 47 55 63 71
33 47 55 63 71
34 47 55 63 71
35 47 55 63 71
36 47 55 63 71
37 47 55 63 71
38 47 55 63 71
39 47 55 63 71
40 47 55 63 71
41 47 55 63 71
42 47 55 63 71
1 49 57 65 73
2 49 57 65 73
3 49 57 65 73
4 49 57 65 73
11 49 57 65 73
12 49 57 65 73
13 49 57 65 73
15 49 57 65 73
19 49 57 65 73
21 49 57 65 73
22 49 57 65 73
24 49 57 65 73
5 49 57 65 73
6 49 57 65 73
7 49 57 65 73
8 49 57 65 73
14 49 57 65 73
16 49 57 65 73
17 49 57 65 73
18 49 57 65 73
20 49 57 65 73
23 49 57 65 73
9 49 57 65 73
10 49 57 65 73
31 49 57 65 73
32 49 57 65 73
25 49 57 65 73
26 49 57 65 73
27 49 57 65 73
28 49 57 65 73
29 49 57 65 73
30 49 57 65 73
33 49 57 65 73
34 49 57 65 73
35 49 57 65 73
36 49 57 65 73
37 49 57 65 73
38 49 57 65 73
40 49 57 65 73
41 49 57 65 73
42 49 57 65 73
1 50 58 66 74
2 50 58 66 74
3 50 58 66 74
4 50 58 66 74
11 50 58 66 74
12 50 58 66 74
13 50 58 66 74
15 50 58 66 74
19 50 58 66 74
21 50 58 66 74
22 50 58 66 74
24 50 58 66 74
5 50 58 66 74
6 50 58 66 74
7 50 58 66 74
8 50 58 66 74
14 50 58 66 74
16 50 58 66 74
17 50 58 66 74
18 50 58 66 74
20 50 58 66 74
23 50 58 66 74
9 50 58 66 74
10 50 58 66 74
31 50 58 66 74
32 50 58 66 74
25 50 58 66 74
26 50 58 66 74
27 50 58 66 74
28 50 58 66 74
29 50 58 66 74
30 50 58 66 74
33 50 58 66 74
34 50 58 66 74
35 50 58 66 74
36 50 58 66 74
37 50 58 66 74
38 50 58 66 74
39 50 58 66 74
40 50 58 66 74
41 50 58 66 74
42 50 58 66 74
2 48 56 64 72
13 48 56 64 72
19 48 56 64 72
24 48 56 64 72
5 48 56 64 72
6 48 56 64 72
8 48 56 64 72
14 48 56 64 72
18 48 56 64 72
9 48 56 64 72
10 48 56 64 72
25 48 56 64 72
26 48 56 64 72
33 48 56 64 72
34 48 56 64 72
35 48 56 64 72
36 48 56 64 72
37 48 56 64 72
38 48 56 64 72
39 48 56 64 72
40 48 56 64 72
41 48 56 64 72
42 48 56 64 72

# cor_flag 
 0 0 

# cor_block_start 
 1 5 

# cor_block_stop 
 1 5 

# numb_cor_params 
 6 

# like_type_flag 
 2 

# link_type_flag 
 0 

# rlinkflag 
 1 

# no_rand_flag 
 0 

# zi_flag 
 1 

# zi_kluge 
 0 

# poiss_prob_bound 
 1 

# nbinom1_flag 
 1 

# intermediate_maxfn 
 500 

# has_offset 
 0 

# offset 
 0 0 0 0 0 0 0 0 0 0 0 0 0 0 0 0 0 0 0 0 0 0 0 0 0 0 0 0 0 0 0 0 0 0 0 0 0 0 0 0 0 0 0 0 0 0 0 0 0 0 0 0 0 0 0 0 0 0 0 0 0 0 0 0 0 0 0 0 0 0 0 0 0 0 0 0 0 0 0 0 0 0 0 0 0 0 0 0 0 0 0 0 0 0 0 0 0 0 0 0 0 0 0 0 0 0 0 0 0 0 0 0 0 0 0 0 0 0 0 0 0 0 0 0 0 0 0 0 0 0 0 0 0 0 0 0 0 0 0 0 0 0 0 0 0 0 0 0 0 0 0 0 0 0 0 0 0 0 0 0 0 0 0 0 0 0 0 0 0 0 0 0 0 0 0 0 0 0 0 0 0 0 0 0 0 0 0 0 0 0 0 0 0 0 0 0 0 0 0 0 0 0 0 0 0 0 0 0 0 0 0 0 0 0 0 0 0 0 0 0 0 0 0 0 0 0 0 0 0 0 0 0 0 0 0 0 0 0 0 

