# Number of parameters = 5  Objective function value = 852.267  Maximum gradient component = 5.09375e-05
# b:
 0.00506366
# log_sigma:
 0.161278 0.0232917 -0.158670 0.0288436
# u:
 -0.616156 0.0144885 -0.551229 0.138305 -0.126227 -0.0910307 -0.368492 -0.379017 0.545847 -0.822974 0.670712 -0.616158 0.506353 0.0923640 -0.536856
 0.0639553 0.0970124 -0.0413003 -0.516115 0.596988 -0.939811 0.905382 -0.543728 -0.0788347 -0.153199 0.873314 -0.842397 -0.291247 0.268606 0.823508
 -0.489032 0.199858 -0.625859 -0.0206324 0.187241 -0.398263 -0.123474 -0.0124439 -0.0124439 0.335145 -0.109286 -0.552288 0.0718847 -0.632037 0.483097
 0.0988317 0.0515481 0.0345452 -0.296194 0.339166 0.347847 -0.319049 -0.178641 -0.178641 -0.0314459 0.440564 0.445611 -0.0260215 -1.12510 0.740249
 1.21583 0.412054 0.647072 -0.209120 0.552622 0.0549434 0.484477 -0.126125 -0.126125 0.333299 0.333299 0.378749 -0.312474 0.292199 0.292199
 -0.286875 -0.287650 0.0377502 0.112448 -0.352242 -0.790752 0.822222 0.0678199 0.0678199 -0.212446 -0.212446 -0.761002 -0.192840 0.993293 -0.00149046
 -0.0115912 -0.776774 0.766677 -0.0792357 -0.568309 0.319564 0.319564 -0.799130 0.703552 -0.641593 -0.0439280 0.729920 -0.344448 -0.344448 0.729920
 -0.718799 -0.319780 -0.306373 -0.416045 0.149466 -0.148940 -0.106463 0.0596832 -0.561536 -0.159138 0.339430 0.464909 -0.644567 -0.0642104 -0.0642104
 0.707783 -0.104563 0.721121 0.0639308 -0.151098 -0.0369581 0.638108 0.281367 -0.204250 -0.553971 0.371709 -0.599062 0.554481 0.384858 0.384858
 0.408912 0.360339 -0.00413179 0.245038 0.0553530 -0.459075 0.455630 0.147788 0.147788 -0.720314 0.787083 0.172702 -0.726459 -0.249988 0.799590
 -1.22054 -0.649043 -0.414180 -0.485182 -0.0558817 -0.553333 0.208059 -0.292625 -0.292625 -0.379209 0.311802 -0.333728 -0.333728 0.125485 0.125485
 -0.106257 -0.430214 0.337653 0.0250115 -0.383652 -0.539392 0.820871 -0.936637 0.966807 -0.231390 -0.231390 -0.557342 -0.0932978 0.777366 0.212807
 -0.394825 -0.336481 -0.00745573 0.622407 -0.902909 0.232876 -0.239091 0.823433 -0.0726564 -0.544565 -0.544565 0.821084 -0.540178 -0.880971 0.592568
 -0.685356 -0.112353 -0.484667 -0.520946 0.427284 -0.0408940 -0.363141 -0.0118583 -0.616531 1.44698 -0.931569 -0.0246641 -0.0246641 -0.534089 0.0960516
 -0.715333 -0.908668 0.285533 -0.579326 -0.178170 0.918718 -0.680688 -0.349405 -0.349405 0.224924 -0.439841 0.554100 0.554100 -0.119493 -0.701586
 -0.606192 -0.264030 -0.264030 -0.494752 0.274648 0.274648 -0.494752 0.00593752 -0.602731 0.632739 -0.301446 0.632739 -0.301446 0.00593752 -0.602731
 -0.253705 0.379613 -0.600618 0.158229 0.158229 -0.524081 0.0233853 0.0954317 0.0954317 0.0954317 0.0954317 -0.618185 -0.0139853 0.259426 -0.231218
 0.656121 -0.178026 0.749580 -0.516107 0.367699 -0.0232383 0.648113 0.137675 -0.760228 0.221768 0.221768 0.561016 -0.589047 0.390892 0.390892
 -0.129624 -0.675910 0.562993 -0.0102493 -0.553211 0.212351 0.256978 0.238151 -0.250514 -0.0337204 -0.633589 -0.110864 0.367011 -0.580274 0.890254
 -0.492861 -0.455928 0.0265918 -0.468293 0.0882160 -0.679102 0.701270 0.0239591 -0.588836 0.300514 -0.194104 -0.700734 -0.118431 0.652293 0.193612
 -0.871280 -0.446068 -0.312914 0.298054 -0.669911 0.453791 -0.714646 0.434261 -0.0747352 -0.404039 -0.404039 0.748001 -0.200617 -0.431020 -0.431020
 0.488137 0.621318 -0.196097 0.121501 0.396450 0.0252051 -0.188678 0.631069 -0.484508 0.551347 -0.0731299 0.472931 -0.442527 -0.793967 0.566374
 0.318455 -0.183890 0.461299 0.151649 -0.304945 -0.163414 0.547969 -0.849230 1.03216 -0.183920 -0.183920 -1.06087 0.863756 0.630813 0.0301724
 -0.512095 0.205808 -0.651900 -0.0211434 0.192712 0.196416 -0.739861 -0.470586 0.445082 -0.563979 0.796438 -0.132402 0.369329 -0.446228 -0.446228
 0.160794 0.470869 -0.330800 -0.557792 0.950324 -0.142628 -0.133138 0.112138 -0.784973 0.573163 0.573163 0.368897 -0.540942 -0.0802986 -0.0802986
 -0.225657 0.655590 -0.852163 0.738689 -0.192167 -0.785006 0.0746149 0.158222 0.732819 -1.29694 1.06513 -0.473455 -0.473455 -0.722400 0.812403
 -0.720380 -0.352866 -0.274664 -0.401373 0.107212 -0.788417 0.559447 -0.553904 0.0697491 -0.706418 0.835742 -0.475512 -0.475512 1.02450 -0.349672
 -1.11088 -0.704533 -0.263164 -0.0822255 -0.505096 -0.254068 0.0346854 0.292961 -0.392145 -0.304635 -0.304635 -0.478171 0.171702 0.597401 -0.555562
 0.152048 -0.0972718 0.229723 0.203023 -0.284112 1.04891 -0.857403 -0.815538 1.06043 0.762804 -1.10551 0.632621 0.632621 -0.517120 -0.517120
 0.414986 0.255590 0.105908 -0.376337 0.589406 0.175044 -0.0867557 -0.909776 0.455820 0.652800 0.0581692 -0.636789 0.847935 -0.513171 0.408523
 -1.19828 -0.0704628 -0.973374 0.232651 -0.291391 -0.405719 -0.405719 0.926513 -0.645878 0.145709 -0.497199 -0.244698 -0.244698 -0.244698 -0.244698
 0.154019 -0.583627 0.717795 -0.221111 -0.265420 -0.261648 0.860025 0.105367 -0.372082 -0.894643 0.574481 -0.157806 -0.157806 0.518701 0.518701
 0.488137 0.621318 -0.196097 0.396450 0.121501 -0.188678 0.0252051 0.551347 -0.0731299 0.631069 -0.484508 -0.793967 0.566374 0.472931 -0.442527
 -0.286223 -0.0515325 -0.197799 -0.234675 0.191716 0.266404 -0.431296 -0.379935 0.0968592 -0.564571 0.795827 0.841720 -0.520370 -0.787034 0.266784
 -0.573811 -0.983111 0.483259 -0.606738 -0.212816 1.00220 -0.599340 -0.365938 -0.365938 0.200566 -0.457275 0.332148 0.876753 0.151599 -0.874551
 -0.595004 -0.759196 0.240881 -0.671243 0.0383521 -0.0287531 0.229560 -0.404842 -0.404842 0.0231310 0.0231310 0.930735 -0.965419 -0.0838874 0.360793
 0.426673 -0.129637 0.501316 -0.613862 0.505793 0.208957 0.208957 -0.600966 -0.139504 0.825603 -0.215492 0.674318 -0.422264 0.674318 -0.422264
 -0.228225 0.0260407 -0.224850 -0.0963587 0.118067 -0.180539 -0.00690369 0.397855 -0.514087 -0.608427 0.750845 -0.348613 0.130839 0.945364 -0.953691
 1.10609 0.702583 0.260947 0.504395 0.0813021 0.253190 -0.0356565 0.304212 0.304212 0.391690 -0.293620 0.477725 -0.172315 0.555100 -0.598111
 -0.216457 -0.322703 0.134145 0.717832 -0.986848 0.0559139 0.0559139 0.203850 0.662033 -0.595191 -0.595191 -0.645647 0.713093 0.713093 -0.645647
 -0.378765 -0.556475 0.226528 0.0174057 -0.481301 1.01763 -0.828785 -0.750686 0.771682 0.0150932 -0.595662 0.885273 0.342236 -0.218046 -0.781674
 0.784121 0.421383 0.261673 0.338320 0.0129586 0.130567 0.0875724 0.521283 -0.113185 0.00781563 0.00781563 -0.478025 0.635521 0.0528169 0.0528169
 -0.870705 0.0692871 -0.827768 0.259538 -0.201778 -0.140319 -0.549736 -0.310008 0.623075 -0.121697 -0.121697 0.251659 -0.420919 -0.331558 -0.331558
 -1.10024 -0.511909 -0.446522 0.138788 -0.565533 -0.186118 -0.186118 -0.506595 0.674008 -0.341086 -0.341086 0.219327 -0.443831 -0.443831 0.219327
 -0.637636 0.0621589 -0.617611 0.139923 -0.0881053 -0.702254 0.187394 0.0843909 0.0843909 0.189006 -0.295283 -0.423546 -0.423546 0.893583 -0.667540
 1.34133 0.584224 0.584224 0.0249504 0.462078 0.0249504 0.462078 -0.334017 0.364113 0.278690 0.278690 0.364113 -0.334017 0.278690 0.278690
 -0.295919 -0.739673 0.481895 -0.172859 -0.443757 1.15550 -0.753777 -0.656387 0.447876 -0.575993 0.0407124 0.696909 0.696909 -0.956529 0.0472880
 0.454923 0.225226 0.171062 0.582621 -0.394865 0.0713017 0.0713017 0.649193 0.0535917 -0.0150782 -0.461226 -0.199601 0.285608 0.285608 -0.199601
 0.112027 0.176258 -0.0786695 0.0911624 0.0557720 0.178351 -0.243933 -0.889182 0.999147 0.490590 -0.423315 0.107568 0.107568 -0.599984 0.305741
 1.06092 0.198604 0.725578 0.676498 -0.510935 0.0921857 0.512680 0.408012 0.408012 0.168730 -0.785044 0.397055 -0.285856 0.309209 0.309209
 0.580318 0.120509 0.385012 0.0243606 0.0760994 0.139691 0.181268 0.258618 -0.229233 0.797545 -0.705751 0.0842510 0.0842510 0.660554 -0.441900
 0.325507 -1.08784 1.37140 -0.305295 -0.601569 0.571621 0.571621 -0.184131 -0.184131 -0.659273 -0.0663674 0.344758 0.344758 0.344758 0.344758
 -0.167526 -0.382865 0.236932 -0.183313 -0.135856 0.438699 -0.241185 0.631061 -0.852182 0.158934 -0.322809 0.985900 -0.456720 -0.598378 0.307450
 0.452748 0.681163 -0.286770 -0.182090 0.749930 0.0927992 -0.331860 -0.360200 0.140554 0.452301 0.452301 0.512025 -0.400086 -0.200152 -0.200152
 0.474828 0.461613 -0.0479855 -0.0856639 0.470480 -0.256511 0.216509 -0.298894 0.195563 0.589983 -0.0224678 -0.835625 0.526209 -0.608123 0.869286
 -0.493737 -0.487797 0.0576969 -0.454287 0.0476428 0.00396814 0.0441299 -0.581499 0.0335177 0.793167 -0.735698 0.952658 -0.947872 -0.432993 0.486224
 -0.338488 -0.276321 -0.0185392 -0.139762 -0.0905891 -0.220964 0.205509 0.661288 -0.829875 0.187440 -0.296713 -0.371996 0.105459 0.804282 -0.556387
 0.661993 0.227897 0.348772 -0.0204905 0.210473 -0.136402 0.427150 0.749153 -0.773870 -0.421191 0.675073 0.166587 -0.331122 -0.0520746 0.567323
 0.214252 0.318864 -0.132227 0.985472 -0.719657 0.867676 -0.977904 0.594361 0.594361 -0.663106 -0.204977 0.243750 0.802881 -0.316239 -0.863355
 -0.278153 0.157012 -0.399314 -0.166047 0.296937 -0.929897 0.597016 0.839765 -1.04006 0.631008 -0.272828 -0.560843 -0.560843 -0.564231 1.28438
 -0.317704 0.0561885 -0.332944 0.582122 -0.535281 -0.608838 0.331285 0.582360 0.119822 0.195291 -0.840972 -0.663146 -0.0712631 1.38495 -0.985336
 -0.338749 -0.876881 0.581793 -0.365499 -0.365499 0.586135 -0.101134 -0.535308 0.0944265 0.0944265 -0.535308 -0.160585 0.867608 0.618549 -0.740541
 0.773521 -0.485496 1.15932 -0.856500 0.451775 0.483223 0.483223 -0.516575 -0.516575 0.272476 0.272476 0.291443 0.291443 0.291443 0.291443
 -0.386046 0.0535547 -0.389843 -1.05874 1.10338 0.224616 -0.549603 -0.638549 -0.638549 0.932801 0.398150 0.135471 0.135471 -0.631678 -0.0312784
 -0.596882 -0.269691 -0.250259 -0.496912 0.272088 -0.00932713 -0.199297 -0.603867 0.00446870 -0.302896 0.631102 -0.764005 0.752754 -0.120201 -0.120201
 -0.465116 0.0675165 -0.472684 0.0222167 0.0340673 0.0806948 -0.474740 0.472396 -0.445597 0.0205468 0.0205468 -0.198404 0.295742 0.0195637 -0.592217
 0.561683 -0.495678 0.984966 0.126447 -0.539660 0.213677 0.607423 0.0762631 0.0762631 -1.04004 0.389073 -0.199963 0.457710 0.366351 0.366351
 -0.578863 -0.980442 0.476188 -0.605752 -0.211577 0.0937272 0.303239 -0.365343 -0.365343 -0.456650 0.201436 0.736038 -0.622980 0.182890 0.182890
 1.72697 0.752193 0.752193 0.313526 0.313526 0.313526 0.313526 0.189095 0.189095 0.189095 0.189095 0.189095 0.189095 0.189095 0.189095
 0.127760 0.0571248 0.0541686 0.580896 -0.533275 -0.782507 0.827664 -0.164153 0.864857 -0.0894979 -0.553763 -0.971930 0.0280329 0.217304 0.781063
 0.275507 0.548129 -0.308132 0.228469 0.228469 -0.00687275 -0.249996 0.137795 0.137795 0.137795 0.137795 0.217823 -0.226113 0.784925 -1.08648
 -0.753569 -0.888676 0.232234 -0.571994 -0.168836 -0.106751 0.300349 -0.344983 -0.344983 0.231504 -0.435163 0.177257 -0.306025 1.36518 -1.00289
 0.873242 0.821994 -0.0613039 0.137609 0.547632 -0.0529648 0.00185982 0.419570 -0.253579 0.330290 0.330290 -0.278160 0.214271 0.760278 -0.758035
 -0.890156 -1.10996 0.334532 -0.462648 -0.462648 0.358163 -0.0792859 -0.279034 -0.279034 -0.279034 -0.279034 -0.00686075 0.438893 -0.290204 0.194566
 1.52368 0.494172 0.833125 -0.0183242 0.430283 0.347260 0.347260 0.343169 -0.365273 0.259513 0.259513 0.209441 0.209441 0.209441 0.209441
 0.637388 -0.175460 0.730695 0.140428 -0.286697 -0.0521966 0.661328 -0.156057 0.325447 -0.854236 0.508409 -0.0314810 -0.0314810 0.398863 0.398863
 -0.342107 -0.901405 0.603392 -0.721132 -0.0303089 -0.320155 0.823162 -0.434932 -0.434932 -0.0182800 -0.0182800 -0.193093 -0.193093 0.778613 0.214324
 0.872542 0.822356 -0.0622760 0.547764 0.137779 -0.284812 0.232897 0.330369 0.330369 -0.253458 0.419654 -0.171777 -0.171777 -0.405338 0.686270
 1.04002 -0.132925 1.03890 -0.0554054 -0.0554054 0.433029 0.433029 -0.798697 0.731864 0.731864 -0.798697 0.261170 0.261170 0.261170 0.261170
 -0.00243682 1.11797 -1.12009 0.780082 0.151897 -0.152894 -0.780854 0.470485 0.470485 -0.462800 0.646026 -0.646518 0.462089 -0.470951 -0.470951
 0.0826959 1.06980 -0.997763 0.762587 0.129234 0.0288732 -0.860642 0.459934 0.459934 -0.478978 0.634866 0.262900 -0.228072 -0.519073 -0.519073
 0.344670 0.0593713 0.240874 -0.662861 0.712355 0.957618 -0.756817 -0.629722 -0.169852 0.718617 0.140660 0.577562 0.577562 -0.227929 -0.684979
 1.13032 0.294349 0.690285 -0.374035 0.619414 0.499972 0.0754729 -0.483000 0.0318223 0.373583 0.373583 0.301545 0.301545 0.388822 -0.297783
 -0.0469114 0.0469326 -0.0877976 0.464200 -0.425076 0.0717921 -0.144983 -0.439569 0.999509 -0.0221708 -0.490575 -0.178705 0.265304 -0.542311 0.367425
 -0.559731 -0.166100 -0.321488 0.421742 -0.560208 0.224980 -0.492982 0.0311316 0.477593 -0.637297 -0.0384527 -0.831917 1.10330 -0.601800 0.00714168
 -1.52806 -0.496252 -0.834853 -0.431013 0.0173206 -0.347981 -0.347981 -0.259954 -0.259954 -0.343653 0.364545 -0.209875 -0.209875 -0.209875 -0.209875
 -0.134742 0.312030 -0.429405 0.343072 -0.0829541 -0.178983 -0.178983 -0.0290047 0.442835 -0.729494 0.629431 0.634060 -0.849957 0.634060 -0.849957
 0.0726584 0.734854 -0.671560 0.0608854 0.551713 0.0974566 -0.657291 0.789870 -0.716427 0.0327064 0.632795 0.0587784 0.0587784 -0.689037 -0.103819
 -0.956829 0.246354 -1.07986 0.444474 -0.239105 -0.450103 -0.450103 0.0447013 0.491444 -0.144210 -0.144210 -0.271468 -0.271468 -0.271468 -0.271468
 0.694533 0.205121 0.399894 0.472308 -0.301312 -0.417859 0.751224 -0.0212216 0.590941 0.286358 -0.649815 -0.252021 -0.252021 0.453081 0.453081
 -0.169596 -0.368081 0.220344 -0.378516 0.0716715 0.199757 -0.0160711 -0.228292 -0.228292 0.503628 -0.417175 -0.333240 0.574196 0.212277 -0.231662
 0.314780 -0.315391 0.589600 -0.452188 0.189267 0.494351 -0.00284071 -0.0390620 -0.506388 0.568082 -0.339780 0.602520 -0.00621071 0.757935 -0.761361
 -0.334383 0.209987 -0.501272 0.0887122 0.0863403 0.449325 -0.867202 0.275528 -0.168519 0.731550 -0.627403 0.955299 -0.413302 -0.523030 -0.523030
 -0.726152 -0.715757 0.0831983 0.0395471 -0.636226 0.167748 -0.0983908 0.600954 -0.553250 -0.383723 -0.383723 -0.362207 0.564552 -0.808827 0.690144
 0.773097 0.536386 0.137067 -0.226902 0.674051 -0.0380315 0.152295 -0.922318 0.648618 0.406536 0.406536 -0.786329 0.740453 0.0918529 0.0918529
 -0.251618 -0.926885 0.707697 -0.386341 -0.386341 -0.453125 1.04309 0.0800781 -0.546101 0.0800781 -0.546101 0.654594 -1.20118 0.629109 0.629109
 0.905382 0.238093 0.550595 -0.158062 0.356545 0.229497 0.229497 -0.872351 0.681689 -0.100600 0.530681 -0.188877 0.465707 0.465707 -0.188877
 -0.00254570 -0.00111650 -0.00110109 -0.426552 0.425621 0.652149 -0.653067 -0.491436 -0.0230909 0.0225108 0.490893 0.393326 0.393326 -0.393880 -0.393880
 0.503395 0.476894 -0.0383811 0.450003 -0.0524482 0.674552 -0.706548 -0.0364438 0.579258 0.733324 -0.796590 0.115385 0.698292 -0.196875 -0.655396
 0.514909 -0.831822 1.28037 0.120507 -0.813941 0.533677 0.533677 0.752331 -0.606970 -0.773597 -0.208216 0.321873 0.321873 0.321873 0.321873
