# dimension of         number of      degree of      degree of
#   vector time series  observations  autoregression  moving average
 4                        1301           0              0
# missing values are denoted by 10000
-0.473592	-0.30815	-0.199577	-0.154677
0.140859	-0.256788	-0.823379	-0.947582
0.878565	0.510755	0.0	0.122549
-0.092243	0.013006	0.232915	0.454778
0.283347	-0.030348	-0.063428	-0.221496
0.87365	-0.099794	0.22194	0.264616
-1.151069	-0.33916	0.495036	-0.049285
0.556093	0.24579	-1.109324	1.183369
10000	10000	0.09559	0.049871
-1.191298	0.175813	0.381369	0.600417
-0.492389	0.080206	-0.052853	-0.463132
0.22138	1.150477	-1.374056	-0.715511
0.455121	0.570316	0.096452	-0.278595
-0.507914	-0.22389	-0.332728	-1.30826
-0.011463	-0.479324	0.450578	-0.255956
0.514421	-0.03003	-0.24647	0.201055
0.029738	-0.152459	-0.851195	-1.729183
0.422361	-0.450125	0.043262	-0.549942
0.219352	0.200551	-0.487831	-0.594355
-1.416883	0.021535	0.314622	0.338351
-0.927299	0.066744	-0.209864	0.092201
-1.827855	0.669292	0.437179	0.40851
1.14094	0.021372	-0.498493	-0.803503
-1.352715	0.271103	0.26037	-0.508511
-0.293667	-0.140795	0.432493	-0.453115
10000	10000	-0.151161	0.659751
-2.25128	-2.365302	-0.227136	-0.17125
-1.91442	0.453628	-0.054196	0.053124
0.186477	0.13916	0.604944	0.562375
-2.718194	0.026071	-0.258808	-0.544666
-0.022071	0.733733	0.860144	0.43787
0.202913	-0.233168	0.587028	-0.355174
1.828222	0.592655	0.68941	0.42636
-2.291391	-0.353018	-0.9558	-0.53858
0.944425	0.642672	-0.299244	-0.735099
-0.755932	-0.414362	0.074873	0.08206
0.317626	-0.256347	-0.460925	-0.392117
-1.247019	-0.220248	-0.581948	-0.175086
-3.15006	-0.752936	-0.281352	0.649338
10000	10000	0.184056	0.0822
-1.844537	0.701037	-0.129879	-0.123269
10000	10000	0.0	-0.18756
-2.016672	0.151285	-0.564885	-0.35071
-3.949043	-0.250823	-0.196257	0.35071
2.018395	-0.023814	0.076443	-0.490652
4.287754	0.021654	0.250449	-0.407045
1.928344	0.263778	-0.130635	-0.011607
0.003434	0.383627	0.347981	0.197474
-3.609568	0.330709	0.562959	1.157847
0.37405	0.070729	0.33406	-0.24086
-2.367809	-0.100745	-1.092583	-0.246136
3.300647	-0.453538	0.217309	0.340058
1.139425	-0.053873	-0.609579	0.276418
0.404227	0.380801	0.370489	-0.587203
-0.1074	-0.568505	-0.468887	-0.362337
1.036969	-0.263813	-0.525961	-0.273803
1.701528	0.324262	0.482231	0.618578
1.465552	0.653965	-0.350453	0.058561
-3.653764	-0.113706	-0.737973	-0.245713
-0.511587	-0.118137	-0.365433	0.245713
0.749751	0.433193	0.387504	0.369682
10000	10000	0.110539	0.471424
10000	10000	-0.353907	-0.265454
-3.653393	0.686673	-0.410837	-0.235366
1.834043	0.084971	-0.178083	0.117615
0.818639	-0.076475	-0.223183	-1.564631
0.837214	-0.413103	-0.134114	-0.445045
10000	10000	10000	10000
10000	10000	-0.786034	-0.580778
-0.273091	-0.37412	0.146473	0.482781
2.354034	0.141255	-0.688972	-0.390999
0.552411	-0.09201	0.74523	-0.068852
1.344349	0.593372	0.516168	0.979728
1.747116	1.136315	0.022345	-0.410347
0.226439	-0.240148	-0.741244	-0.339716
1.655821	0.008438	0.33766	0.339716
-1.159309	-0.359168	0.515453	-0.958597
2.111553	0.515106	0.69058	0.028574
-1.317453	-0.339591	-0.22228	-0.137061
-1.132229	0.20052	0.311051	0.354442
2.795359	0.01054	-0.589499	-0.028637
0.756189	0.143271	0.078016	0.545366
0.641756	-0.054756	-0.0669	-0.968128
-5.068384	-0.580973	-0.480798	0.165464
1.595203	-0.222717	1.291829	0.148578
2.592874	0.48299	0.946949	0.177452
-1.295952	0.810312	0.916505	0.932425
-0.711341	0.345284	-1.278798	-0.731715
7.550913	0.606051	1.852711	0.529526
0.921244	-0.414051	-0.205381	0.057729
-0.817931	0.495	-0.184116	-0.16731
-0.372093	-0.267995	-0.021678	-0.448638
0.6256	-2.293581	-0.893029	-1.101519
-1.423928	0.414205	0.958068	0.210232
1.176352	-0.150618	-0.466992	-0.329365
-2.044586	0.364477	0.488686	0.306613
0.749743	-0.81555	0.23798	0.307556
10000	10000	0.946606	0.005705
-2.694459	0.276847	4.592591	1.621748
-2.522131	0.485809	-1.379593	-0.399242
0.40766	0.057128	-0.249129	0.445637
-0.63564	-0.51955	-0.020793	0.24973
0.148895	-0.565014	-0.573329	0.302834
10000	10000	-1.740146	-0.77274
2.000113	0.802856	1.026657	0.202778
-0.00414	-0.163454	-0.527872	-0.191203
2.166689	-1.375495	0.885219	0.615456
0.191567	0.389109	0.272478	0.61341
0.973955	0.229318	-0.062865	0.087935
1.091277	-0.579665	0.146529	-0.333747
-2.361637	0.079633	0.417332	0.193089
-0.706015	-0.388004	0.446666	-0.198942
1.820236	0.372942	-1.725056	-0.478154
-0.774903	0.465844	-0.211059	-0.063976
0.435705	-0.220843	0.495384	0.577213
-0.29801	0.252962	-0.094675	0.851464
1.259881	-0.678873	0.021102	0.704257
0.122368	0.54604	0.262714	0.005941
2.021846	0.203466	-1.278076	-0.355733
-0.084322	-0.081337	0.212354	-0.401627
0.820271	0.514723	0.190795	0.531916
-0.414876	0.314783	0.074074	-0.343113
-0.597694	0.033972	-0.381602	-0.294853
10000	10000	0.23332	0.507676
-1.060443	-0.480926	-0.063598	-0.017757
-1.449361	-0.055472	-0.414334	0.421018
0.379004	-0.89829	1.332503	0.811406
-1.010281	-0.815206	0.188943	0.420221
0.529479	-0.126005	0.554199	-0.677486
-1.170454	-1.64829	1.037333	0.035855
-0.763087	-1.543414	-0.165266	-0.191094
-2.316985	0.047127	0.577264	0.101476
10000	10000	-1.043423	-1.334737
0.053883	-1.546352	0.652068	0.029471
2.279976	2.112317	-1.298116	-1.026249
0.680234	-0.053556	-0.240699	-0.104966
0.981323	0.629643	-0.262303	0.005829
0.22101	-0.841894	-0.189252	0.227574
-0.185324	0.617634	1.949098	0.017517
-1.26309	-0.512567	-0.486318	-0.245091
2.075588	-0.29312	0.310724	0.303538
-0.36562	0.026885	-0.716077	-0.011685
0.883809	-0.044818	0.643672	-0.251048
0.557484	-0.83724	0.433602	0.391438
-0.420165	0.018083	-0.195879	0.451753
-1.547948	-0.131151	0.26801	0.702219
-0.417425	1.520203	-0.744051	-0.011838
0.828107	-0.245439	0.455321	0.035529
-1.284813	1.128472	0.123846	0.344127
-0.407804	-0.185721	0.360316	0.488566
10000	10000	0.307804	0.041816
0.489506	-0.614892	1.090091	0.677486
10000	10000	-0.263749	0.591287
-0.789098	0.869066	-0.040637	0.187775
10000	10000	0.698841	0.711873
10000	10000	-0.912519	-1.159524
10000	10000	-0.992952	-0.71568
1.48235	10000	0.451582	0.342161
-0.380887	-1.235776	-0.502995	0.512437
0.658958	0.830778	-1.357491	-1.12989
1.159802	-1.018605	0.052154	0.23934
0.367111	0.510599	0.041731	0.17987
0.229706	0.087852	-0.784872	-0.275673
-0.406882	0.078767	0.356552	-0.179389
-0.272359	1.093019	0.073295	-0.107463
0.095324	0.955642	1.144062	1.224861
0.339869	0.613076	-0.872477	-0.199153
0.595759	-0.34233	0.114712	0.7322
1.107497	-0.378805	-0.208617	0.188455
0.259321	0.354619	-0.376621	-0.709417
0.201095	0.335839	0.449636	0.685082
-0.815517	0.157653	-0.17754	-0.249116
1.363429	0.059053	0.24014	0.328231
10000	10000	-0.229705	-0.176406
0.940971	-0.179457	-0.198726	-0.048607
0.378424	0.245038	0.250973	0.042536
-0.209735	0.004368	-0.450154	-0.503146
-0.261232	0.540438	-0.441696	-0.992753
-1.091827	-0.272032	0.126367	0.0
1.51339	-0.146117	0.953399	0.239756
1.036483	-0.251291	0.177096	-0.209823
0.660173	0.174876	0.083249	0.149836
-0.035514	0.17676	0.477227	0.035989
0.734058	0.093704	0.443979	1.280141
-0.926852	0.709736	0.113326	-0.04861
-0.333091	-0.381376	0.123375	0.548183
0.396291	0.286168	-0.577249	0.29359
0.633674	-0.758938	0.577249	1.387842
-1.64706	-0.647214	0.880154	0.591808
-1.615036	-0.91309	1.627274	0.438323
-1.12016	0.386985	-0.61347	-0.656764
2.205153	-0.766574	-0.333347	0.074841
-1.308226	-1.530686	0.695862	1.116766
-2.268493	1.013369	0.150667	0.126269
1.652543	-0.277595	0.350577	0.246668
-0.769603	0.34911	1.311365	-0.278253
0.792369	-0.753455	0.167621	-0.195575
-0.48811	0.433485	-0.118263	-0.622037
10000	10000	-0.320324	-0.034444
1.406377	0.038088	0.103019	1.048022
-0.990471	-0.053779	0.0	0.278799
-0.043685	0.50307	0.138364	0.235045
-0.454522	0.260596	0.580761	0.612441
-0.260588	-0.331991	0.518896	2.212826
-0.355288	-0.02455	0.302257	-0.08502
0.683572	0.173975	-0.968464	-0.599582
0.86106	1.037541	-0.25593	-1.034265
0.251211	0.165277	-0.404857	-0.032158
-0.253134	0.233125	0.611559	0.535025
0.277251	-0.299207	-0.760103	-1.303518
0.02695	-0.49919	0.474492	0.15961
-0.762447	0.223395	-0.375456	-1.635121
-0.779004	0.110409	0.049509	-0.445322
-0.810742	0.251282	0.256921	0.54596
0.234771	-0.196123	0.502076	0.296188
-1.028296	-0.174402	-0.25567	0.664868
0.547823	0.368321	-1.737902	-1.124522
0.990449	0.918192	0.25016	0.560676
-0.874454	0.561216	0.548084	0.310047
1.899726	-0.097662	-0.928623	-0.316359
-0.132713	0.195222	-0.040067	0.0
0.213555	-0.665321	0.0	-0.365724
-0.75314	-0.286185	0.100288	0.555413
0.554606	0.174871	-1.230584	-0.189689
-0.221265	0.006551	0.19261	0.075832
0.870543	0.51839	0.050657	-0.101103
0.245768	-0.308968	1.087523	1.488867
-0.759452	0.666794	0.150083	0.597941
-0.181641	-0.155983	-0.100046	-0.10957
0.772855	0.816207	-0.150243	-0.295886
0.183611	0.034403	0.130263	0.302326
0.183312	-0.430877	1.549804	0.600913
-1.692204	0.110046	0.132367	0.519822
-0.577499	-0.295899	0.611305	0.437431
-0.067692	0.474745	-0.458833	-0.619678
0.63983	0.968362	-0.35542	-0.467107
-0.33359	-0.202754	-1.108882	-0.187531
0.137853	1.214607	-0.599695	-1.194462
0.627826	0.1666	0.349381	-0.630001
-0.040302	0.315564	0.399196	0.012693
0.17666	-0.124002	-0.579327	-0.360982
0.069784	-0.491212	0.529548	0.380014
0.052791	-0.461792	0.556481	1.277244
10000	10000	-0.198395	0.125406
-1.2661	0.184546	0.663048	0.739555
-1.831818	-0.184546	-0.921547	-0.601106
-0.530884	0.452278	0.0	-0.302414
-0.099953	-1.05068	0.347864	1.208691
0.097442	-0.421666	0.109029	-0.337576
0.644743	0.280595	0.296814	0.019441
-0.634192	0.273411	-0.346351	0.025936
10000	10000	-0.258178	-0.291349
-0.620015	0.50852	0.476062	0.265413
-1.230756	-0.072183	0.335755	-0.407543
1.437701	-1.603533	0.912764	-0.193484
0.242236	-0.41089	0.058674	0.35501
-0.260384	-0.041183	-0.352187	-0.032332
10000	10000	0.14686	-0.096903
-0.09741	-0.0976	-1.022788	-0.257991
-1.758906	0.266556	0.660118	0.594358
0.198627	0.595563	-0.630468	-0.549257
0.549654	-0.556609	0.227028	0.24518
-0.261919	0.103786	-0.454553	-0.24518
0.439737	-0.209855	-0.486547	-0.173837
-0.415211	-1.560604	-0.079649	0.490093
0.930529	-0.235656	0.049815	0.291331
-0.488852	-0.256106	-0.239264	-0.090725
0.454415	0.60389	-0.801586	-0.20707
10000	10000	0.180873	0.142315
0.38776	2.25734	0.170622	-0.05177
1.344304	-0.004294	0.450091	0.330513
0.293795	0.492905	0.378569	0.782022
-0.895068	0.283928	1.323399	0.590549
-0.056548	-0.029852	0.528428	1.291626
0.172216	-0.277591	-0.156236	-0.179843
-0.619808	0.558672	0.565368	0.093215
0.617307	-0.732024	0.136003	0.567784
-0.465371	-0.420717	-0.184654	-0.52781
-0.235015	-0.877167	0.155495	0.487619
-0.607405	0.151787	0.377972	-0.060245
0.071934	0.235892	-0.125841	0.254622
0.252941	0.695773	-0.077503	-0.501928
0.044447	1.685824	-0.437106	-0.784624
0.92696	-0.30017	0.456503	0.364949
-0.366457	-0.835489	0.290275	0.600079
-0.836113	-0.408588	-0.980707	-1.289052
10000	10000	-0.205159	-0.276902
0.307921	-0.910871	0.234373	0.224109
-0.97559	0.168586	0.25331	-0.072562
-0.052009	0.557764	0.194431	0.4825
-0.948636	-0.053703	-0.701649	-1.198647
-0.822111	-0.22156	0.019535	-0.235403
0.10122	-0.435944	0.175856	0.071878
-0.118872	0.794929	-0.685597	-0.949724
0.673844	-0.216957	-0.423501	-0.748199
-0.439397	0.126792	0.285827	0.341152
0.154802	-0.441243	0.10817	-0.083786
-0.176038	-0.454037	-0.206685	-0.148065
-0.941286	-0.691486	0.137846	-0.199222
-0.83357	-1.805464	0.0	0.09635
10000	10000	-0.009859	0.205852
10000	10000	-0.069608	-0.350342
-1.57357	0.487603	-0.364172	-0.028873
0.770742	0.412598	0.138241	-0.460834
0.610163	0.222144	-0.296488	-0.242364
0.784849	-0.325685	0.089055	0.0
-0.325654	-1.056942	-0.475798	-0.229062
-0.080495	0.97094	-1.199368	-0.355286
1.604878	0.004416	0.050229	0.412504
0.18015	-0.04634	0.451257	0.0
-0.863261	-0.415768	0.199902	0.337611
0.030289	-1.289218	-0.631055	-0.629719
-1.057384	0.338405	0.381095	0.006345
-0.016869	0.560003	0.070053	0.285764
-0.526382	0.151173	-0.12009	0.076341
0.296294	1.065064	-0.100206	0.120997
0.996675	0.08129	-0.100288	-0.076445
0.221032	0.756997	0.130328	-0.089096
0.558981	-0.194169	0.080154	-0.114434
0.703925	-0.177047	-0.060107	0.18444
-0.342269	0.547607	-0.280939	-0.57762
1.502865	0.015231	0.30101	0.41224
10000	10000	0.0	-0.374257
10000	10000	0.030243	0.02533
0.39563	0.605111	-0.220822	0.202868
-0.232777	-0.348742	1.108023	2.090482
0.438743	0.065078	-0.40787	-0.755303
-0.146621	-0.410681	-0.129641	0.38017
10000	10000	-0.389618	-0.646709
10000	10000	-0.442179	0.234393
-0.198043	0.313051	-0.706903	-0.276079
-0.345697	-0.080342	0.444905	0.585156
-0.493917	0.07383	-0.455062	-0.719703
-0.382612	0.032554	1.49897	1.58764
0.290293	0.184281	-0.209891	0.286648
0.240828	-0.00433	0.159932	-0.189015
-0.710816	-0.00433	1.23117	0.5092
-0.407009	0.933586	0.128175	-0.313663
10000	10000	0.019686	0.071789
-0.465875	0.871779	-0.553311	-0.045692
-0.093643	-0.070227	-0.626117	-0.189072
-0.770625	-0.591456	0.636008	1.33772
-1.24234	-0.465804	-0.406968	0.204855
-5.761101	0.221365	-0.298834	-0.105775
1.535702	0.010731	-0.010026	0.033044
0.545277	0.338588	0.12968	-0.310205
-0.489318	0.188084	0.258728	-0.013179
0.185264	0.441033	-0.059641	0.112074
3.519517	-0.40047	0.04968	0.668454
-0.551088	0.406847	-0.198988	-1.266919
0.479552	-0.004256	0.357964	0.47322
-0.723925	0.504678	-0.158976	-0.013183
-0.351774	1.233947	-0.398382	0.039534
0.689456	0.518869	0.428271	-0.866091
-0.89691	-0.068614	-0.069612	-0.313094
-1.143237	0.079003	0.525597	0.260848
-1.048101	-0.208034	0.039635	0.20262
1.054113	0.264127	-0.029732	0.597176
0.122987	0.039456	0.207577	-0.111837
-0.962298	0.186682	0.206982	0.798714
-0.81635	0.411549	0.13786	-0.019878
-1.176423	0.140239	0.959374	1.300492
1.340314	-0.672052	0.184923	0.45077
10000	10000	-0.079243	0.168716
0.419419	0.159631	0.234738	0.677738
0.057456	0.481504	0.12614	0.068036
-1.539577	0.378608	0.251832	0.108936
-2.023016	0.276876	-0.280908	0.423263
-3.87568	-0.884583	-0.077696	-0.293743
1.445478	0.706241	0.387662	0.34165
-2.582211	-0.357647	-0.087136	-0.177806
2.051587	-0.107128	1.565291	1.45214
0.449608	0.059762	1.306409	1.220594
0.006465	0.04325	1.410048	1.570156
-0.502657	-0.725399	2.761934	2.220076
-1.989361	0.211346	-1.353156	-1.662493
0.849321	0.004137	0.310438	-0.500532
-2.443856	1.31796	0.273107	-0.710731
0.726405	0.097993	0.163502	0.333406
-1.416868	0.577865	-0.05453	-0.623367
2.558486	0.45949	1.299131	1.802757
-1.88453	0.050476	-0.692575	-0.337359
-0.640659	0.022198	1.211039	0.668651
-0.749022	0.127059	-0.187453	-1.233167
10000	10000	0.196421	-0.61092
-1.405434	-0.096788	0.222552	0.639424
-0.576575	0.056473	0.868074	0.0
-0.403259	1.007108	-0.859085	-1.007027
2.176059	0.444151	-0.561977	0.686799
3.572781	0.140202	0.695282	1.395121
-1.333656	-0.156105	0.513854	0.397041
0.312318	-0.179043	-1.361384	-2.047607
-2.280318	-0.30112	3.356416	2.810007
-4.814574	0.227421	0.561523	-0.036439
1.607423	0.673226	0.0	-0.40719
1.599119	0.065298	0.206598	0.319789
-0.420339	0.100821	0.949721	0.050973
-0.611189	0.067166	1.80595	-0.145555
2.782826	0.116436	-0.435828	-2.605751
0.652384	-0.292336	0.536083	0.696814
0.466307	0.32389	-0.217478	0.142803
0.572659	0.918535	0.284287	0.825115
10000	10000	0.175256	0.0
-0.822403	-1.123806	1.571182	1.502587
-0.485964	-0.150274	1.716332	0.999638
0.926167	-0.08908	-0.679747	-1.299043
1.617161	0.073251	-2.30821	-0.914577
1.935003	0.631299	0.381482	0.870836
-0.97234	0.86159	-0.356565	-0.14567
0.631707	-0.144383	1.557988	0.34265
-0.49826	0.099521	-2.32517	-0.058406
0.341141	0.173457	0.142135	-0.466032
-0.458526	0.225631	-0.6794	-0.673356
0.028026	-0.087468	0.796459	-0.338572
1.635424	0.1166	-0.200642	0.852229
10000	10000	0.05858	0.399722
10000	10000	-0.368613	0.014568
10000	10000	-0.167982	-0.087358
0.083879	10000	0.953763	0.518006
-0.850117	-0.076376	-0.19173	-0.953676
-0.779827	0.152681	-0.552102	-0.491472
-2.191612	0.001909	-2.188225	-3.241768
-0.249195	0.224778	-1.390199	-0.958594
1.144044	0.415841	0.710518	0.853955
-1.338251	0.085235	-0.250693	-0.590914
0.501818	-0.212269	-0.381591	-0.332161
-0.968715	-1.431256	-0.25222	0.394562
-1.058204	1.184307	0.226203	-0.152467
-2.20322	-0.005712	-0.601495	0.24267
0.801324	0.827773	0.227077	-0.201116
0.342458	-0.801145	0.061008	0.298357
-2.48068	0.324646	2.60721	2.718855
0.734228	-0.749595	2.44979	1.728527
10000	10000	0.02715	-0.543378
0.43691	-0.263884	0.014244	-0.360623
-2.090988	2.108692	-1.932246	-1.783848
1.016917	0.016865	-0.287534	0.567377
1.61918	-0.183861	1.588169	-0.177646
0.303596	0.578587	-1.817176	-0.156073
-1.497764	-0.009333	0.313694	-0.021267
0.118887	-0.452893	-0.313694	-0.205319
-1.52513	-0.146418	0.169762	0.297494
-2.61193	-0.831848	0.28772	0.227255
-1.545496	0.555337	0.55615	0.291928
-1.453664	0.96914	-0.355495	-0.54046
0.415655	0.078317	0.011844	0.561857
1.400533	0.121094	-0.322496	-0.313324
-1.109835	0.503278	-0.118479	0.427501
-0.021157	0.993502	0.059289	0.15007
-0.23401	-0.044027	0.002949	0.0
1.928078	-0.183662	0.71406	1.063981
-0.166278	1.294941	-0.657818	-1.013916
2.244494	-0.247095	0.295703	0.862257
-0.788016	-1.020271	0.0	-0.331412
-2.58378	-0.312917	0.177034	0.309762
-0.959799	0.423119	-1.809819	-0.790508
-0.761545	-0.157998	1.514664	1.260588
0.070495	0.161674	-0.236772	-0.181058
-0.220601	0.42864	-0.152512	0.18831
10000	10000	-0.003901	-0.242568
2.353991	0.031066	-0.072379	0.184587
2.834933	1.222259	-0.237918	0.086983
6.078715	0.428691	-1.95816	-0.97421
0.18228	0.147277	-0.138842	-0.236704
2.104984	-0.433461	-0.62727	-0.592879
0.105747	1.095314	-0.035006	0.092628
-0.604448	0.019607	0.017505	0.967022
0.072853	-0.198054	-0.437996	-0.158224
1.947123	0.504175	-1.192345	-0.265552
-1.604742	-0.759908	0.452126	0.495785
-0.920764	-1.348456	1.265659	0.933541
0.188469	0.46355	-0.868483	-0.420811
0.821189	0.014454	-0.476847	-0.296409
0.014528	0.542223	1.240381	-0.014434
-2.706952	0.799834	-0.29763	-0.575749
1.46826	0.090853	-0.14916	0.453122
1.441539	0.640735	-0.219876	0.295999
0.145815	-0.405971	-0.114469	0.137472
0.168513	-0.154667	-0.326541	-0.397419
-1.931032	-0.431486	0.361854	0.774607
2.189852	-0.150214	-3.149616	-1.557577
1.029096	-0.008946	0.399152	0.509318
-0.906872	0.033999	-1.037483	-0.466367
-0.753906	0.194827	0.100511	-0.826927
1.336224	0.064259	-0.100511	0.078119
-0.295231	-0.121416	-0.183135	0.0853
-0.360158	-0.4046	-1.105917	-0.920169
0.378083	-0.420657	-1.268389	-1.322856
0.737081	0.830611	0.21568	0.139161
3.120192	-0.209241	-3.497424	-2.85538
3.965591	0.25032	-0.818016	0.0
-0.049747	-0.166217	0.565515	0.203214
-0.647884	0.030413	-0.223858	-0.162598
-0.899301	-0.196906	0.563628	0.006771
0.037589	0.252326	0.106468	-0.755385
-0.81882	-0.426273	0.203096	0.323037
1.065865	0.057421	0.086896	0.662788
-0.847857	0.47245	-0.193148	0.095041
0.430173	-0.18764	0.02895	0.531204
1.600098	0.169789	-1.460712	-0.849914
-0.837795	0.164148	-0.956096	0.020317
0.738825	0.171005	1.747522	0.659034
0.019371	0.348226	-0.136352	0.252531
10000	10000	-0.172854	-0.092216
-1.81931	0.940856	0.046104	0.187937
-0.980728	0.17554	-1.266793	-1.014064
0.004533	0.021043	-0.178038	-0.202934
3.668142	0.418212	-0.705377	0.169083
1.123661	0.214546	-0.269555	0.243981
-0.075433	0.452016	-1.045129	0.04751
0.766267	0.391249	-1.680898	-1.402203
0.772175	0.832773	0.225792	0.409197
10000	10000	-1.549484	-0.087346
-2.370217	-0.14403	0.72606	0.444233
0.843744	0.245078	-1.059792	-0.491238
-1.503805	0.438954	1.647196	1.842749
-0.904428	-0.644577	3.73099	2.702872
-1.79513	-0.21808	-1.074724	0.049182
-0.836164	0.0141	-0.411045	-0.763177
2.003824	-0.069125	-0.483388	-0.299473
1.881801	-0.063658	0.46328	0.802936
-1.320501	0.827835	1.238301	0.491922
-0.611083	-0.249517	-0.387875	-0.526967
-0.971714	-0.461356	-0.669734	-0.035032
2.247132	0.106533	-1.068932	-0.684169
0.011518	-0.149519	0.424961	0.132281
0.414295	0.199302	1.463068	1.149112
1.556769	-0.024034	-1.120431	-0.17602
-1.799322	-0.709821	0.200988	0.5856
10000	10000	-0.311759	-0.40958
-1.580849	0.188288	-0.282375	-0.457025
0.447324	0.626198	0.844846	0.492271
-0.505243	0.239812	-0.814543	-0.576415
0.755545	-0.251809	0.372886	0.294817
-0.555701	0.641132	0.150813	0.514505
-0.115205	0.11241	-0.402599	-0.612873
0.331306	0.544955	0.392542	1.172661
1.11857	-0.541547	0.090341	0.691648
-0.006002	-0.409379	0.0	0.0
-0.78512	0.256056	-0.140601	0.257916
-0.241431	-0.699733	-0.645251	0.165136
-1.367797	-0.99208	-0.222886	0.079072
-2.221696	0.515392	-0.365577	-1.172442
0.987087	0.610516	-0.224127	-0.19882
0.827393	-0.300494	-0.050976	0.120662
-1.025656	0.46666	-1.087465	-0.594776
3.122841	0.937022	-0.901348	-0.49295
10000	10000	0.218353	0.49295
0.045306	-0.213881	0.486865	0.219084
-0.087359	-0.364326	0.299238	-0.219084
-0.881846	0.915096	0.401041	-0.373463
-0.235181	0.261608	2.142393	0.826307
0.126296	-0.091071	-0.402658	-0.488141
-0.303649	-0.070882	-1.013711	-0.056427
0.073325	-0.509486	0.203573	0.30374
-0.675041	0.789363	0.253867	0.42538
1.441704	0.56745	-0.641007	0.071075
1.172841	0.455982	0.020474	0.035556
1.273647	-0.538054	0.782665	0.0
0.00272	0.566377	-0.212801	-0.142149
-0.788994	-0.307009	0.546374	-0.177403
10000	10000	0.21168	-0.194767
-0.135012	0.262014	-0.737747	-0.441267
1.784186	0.224765	-0.27434	-1.19049
0.780413	0.849505	0.446595	0.202086
-0.829825	0.196032	-0.304251	-0.250809
1.129027	-0.374279	-0.550038	-0.700298
0.471984	0.265598	0.0	0.048383
0.340677	1.09778	0.803645	0.52675
-0.094448	0.64969	0.007304	0.445744
0.992593	0.403923	-0.177501	-0.764909
1.790377	-0.648688	0.068992	-0.131521
-0.647816	0.212378	0.098638	-0.14517
-0.312571	0.329837	0.207457	0.200529
0.446245	-0.119517	-0.689864	-0.179806
-0.151772	0.469174	0.137594	-0.289781
1.112981	-0.770225	0.127929	0.948335
-0.786446	-0.094053	-0.491154	-0.402586
-0.183512	-1.558308	0.491154	0.995528
-0.887303	0.840216	-0.412728	-0.884626
1.596857	-0.983691	0.215978	0.097136
1.046815	0.748092	-0.157125	0.131975
0.46282	0.23887	-0.137279	0.257511
10000	10000	-0.391195	-0.104473
0.808601	0.383279	0.097656	0.369631
0.536316	0.037441	-0.487331	-0.209398
-0.695148	-0.066745	0.136211	-0.403593
-0.025064	0.294297	-0.640533	0.12508
10000	10000	-0.588383	0.139161
10000	10000	-0.852289	-0.707697
3.704651	0.286961	-0.361692	0.062243
0.247193	-0.160399	0.0	0.450686
-0.511486	0.283362	0.038006	-0.020845
0.429449	-1.467562	0.485928	-0.048628
-0.192707	-1.816386	-0.095566	0.138992
-1.143701	0.70099	-0.066675	-0.277782
-0.445097	-0.14612	-0.418688	-0.159375
10000	10000	0.018996	-0.373185
1.369028	1.095653	-0.775784	-1.206736
0.015506	-0.340796	0.387138	-0.285827
-0.978118	0.307917	0.047408	-0.10189
-0.02101	0.588497	0.284269	-0.474088
-0.834427	0.25628	-0.407338	0.33841
-0.574067	-0.099503	-0.141696	-0.304629
1.147818	1.163273	-1.014388	-0.303685
0.500643	-0.47373	0.093498	-0.343079
1.213059	0.741127	0.196622	-0.187854
-0.361868	0.417386	-0.074945	0.598338
0.645052	0.94551	-0.439194	-0.437346
0.434817	0.927212	0.186649	0.03358
0.586278	0.382902	0.271269	0.161308
-0.148616	-0.409641	0.290801	0.309914
-1.20629	0.87374	1.190704	0.990043
0.472266	0.761019	0.018925	-0.28582
0.922618	0.555442	-0.861454	-0.373042
0.831213	0.940285	-0.919578	0.054175
-0.872618	0.045715	0.05596	-0.047405
10000	10000	0.112304	0.040629
-0.721927	0.628763	0.093613	0.196619
0.763808	-0.749191	0.478762	0.646808
-0.274448	-0.651928	0.679816	-0.204706
-0.400202	-0.514128	0.284638	0.821352
10000	10000	0.0	0.0
-0.709627	-1.137648	-0.379239	0.585918
-1.381713	1.156164	0.688499	-0.193393
-0.153714	1.646608	-0.023817	-0.048292
-0.199593	0.03339	0.095322	0.172566
0.882231	-1.316511	0.468525	-0.255285
-2.370967	-0.496269	0.076597	-0.08954
-0.402951	-0.385451	-0.277716	-0.952422
1.025838	-0.672283	-0.67667	-0.489796
0.21473	0.613327	-0.06647	-0.196606
-0.520724	0.994465	0.085559	-0.128598
0.59625	0.762285	0.018908	0.250588
0.28354	-0.579602	-0.16141	-0.284397
-1.413163	0.252752	0.142501	0.209831
0.990802	-3.131208	-0.473983	-0.65512
-1.800102	1.023946	0.265097	0.269629
0.774815	-0.458848	0.170794	0.419377
-1.086419	0.228899	0.142558	0.319089
0.952951	0.362666	-0.389072	-0.020408
1.332153	0.087343	-0.25555	-0.101919
0.465864	1.734099	-0.179366	-0.244197
0.773279	-0.147204	-0.131963	0.20345
10000	10000	-0.225825	-0.054291
1.384179	-0.384356	-0.403317	-0.41304
-0.128459	0.220031	0.04682	0.277429
1.030948	-0.089188	0.506994	-0.216592
0.473789	0.449728	-0.197469	0.067627
1.488812	-0.623715	-0.168957	-0.546539
-0.160279	0.004628	0.422917	0.837895
0.520012	-0.531506	-1.002679	-0.169489
0.714692	1.266918	-0.307226	-0.506784
0.183916	0.233773	0.027889	0.060684
-0.628588	0.094573	0.484578	0.013486
0.02995	-0.003052	0.056263	0.209306
10000	10000	0.0	0.0
-0.218764	-1.787602	-0.680206	-0.155326
1.482267	-0.31871	-0.555566	-1.127378
0.218346	-1.362421	-0.14762	0.073433
-0.44736	-0.366893	-0.046092	-0.366611
-0.156656	0.872326	-0.073698	-0.05987
1.022289	0.903691	0.009203	-0.570214
-0.067971	0.389908	0.350595	0.191921
-0.237839	-0.52697	-0.027725	0.238753
-0.017056	0.311231	1.395629	0.232677
0.326526	0.226592	-0.607166	-0.683178
1.090959	0.43621	0.700906	-0.329971
-0.018126	0.567926	-0.046884	-0.256625
0.730467	-0.216637	0.140715	0.078896
-0.233425	0.414418	-0.168826	-0.877437
0.022173	0.090334	0.974649	0.352672
10000	10000	0.831361	0.078539
-0.875094	0.108587	-0.333312	-0.313786
-1.031975	0.06266	-0.190025	-0.280271
-0.70211	-1.72583	0.857963	0.482806
10000	10000	-0.629891	0.261954
10000	10000	0.219056	-0.104859
-0.774381	-0.79898	-0.257104	0.091742
1.0796	1.016348	-0.047536	0.605029
-1.46834	0.102304	0.466857	-0.283239
0.038468	1.025037	-0.666288	-0.577162
-1.165956	1.434248	0.389723	-0.319944
0.608534	0.616374	-0.919578	0.013047
3.482694	-0.027046	-0.929886	0.05217
0.412823	-0.085698	0.290342	0.032615
-1.046725	0.608807	-0.093817	-0.104351
0.284313	0.631874	-0.317989	-0.026064
0.511634	-0.057956	-0.07468	-0.435682
-0.607226	0.837787	0.018663	-0.13616
-1.071021	-0.357346	0.196177	0.01296
0.341661	0.370616	-0.856616	-0.025913
10000	10000	0.004641	0.097224
0.667994	-0.929872	-0.9184	-0.291403
0.350138	-0.641715	0.571314	0.68127
-0.615611	0.562846	0.52804	0.091182
0.318594	-0.384842	-0.435601	0.725948
-1.688741	-0.21544	-0.267838	-0.249114
1.241077	0.728232	-0.34068	-0.209306
0.106588	0.870473	-0.229537	0.0
-0.352374	-0.80061	-0.137473	0.039219
-0.241758	0.04159	-0.036626	-0.430481
-0.150262	-0.170948	0.109918	0.065103
0.452348	-0.177198	-0.311125	0.065152
1.307695	-0.288057	0.338629	0.065192
-0.101389	-0.167544	0.275403	0.39202
0.932988	-0.3104	-0.385352	0.013101
-0.197642	-0.103681	0.174142	0.393621
0.390417	-0.467139	1.106924	0.580131
0.156417	-0.015102	-0.148309	-0.606422
0.312206	0.02114	-0.185061	-0.157589
0.415183	0.713361	-0.865251	-0.667021
0.321483	0.300961	0.128391	0.280654
-0.026678	-0.055333	0.018367	0.124258
0.307666	-0.61371	-0.539995	0.085107
-0.73145	0.624182	0.356586	0.564858
0.129421	0.310641	-0.548194	-0.381298
-0.33459	0.779798	0.145894	0.019683
-0.479962	-0.336427	-0.709228	-0.196691
0.138837	-0.179785	0.009055	0.393775
10000	10000	0.0	0.0
-0.657231	-2.249993	-0.370728	-0.433066
-1.39268	-0.74811	-0.00912	0.085154
-0.023351	0.338108	0.325503	-0.032759
-0.644784	0.199876	0.108732	0.026201
0.520435	-1.596373	0.0	0.269024
-1.084447	0.080507	-0.551517	-0.144437
0.446769	-2.569129	0.533385	0.519651
-1.60834	-0.227313	0.855726	2.08583
0.030506	0.903021	0.577632	-0.033658
0.714482	1.485589	0.239365	-0.470114
-0.418798	-0.753346	0.489728	0.349012
-2.215895	-0.779566	0.445589	0.100904
0.749641	-1.094697	-0.297284	-0.235281
-2.549073	-0.035096	-0.601151	-0.013432
1.217943	0.7187	0.120029	0.822442
1.147681	0.746614	-0.027776	-0.331137
-0.747698	-0.787818	0.184755	0.128276
-0.416791	0.68712	0.185098	0.236713
-0.90203	0.735569	1.117845	0.332354
1.401253	1.561309	-0.327324	-0.257843
-0.211901	1.900229	0.261776	-0.006773
0.652394	-0.341722	0.271858	-0.371989
-1.590522	0.325119	-0.253137	-0.222523
-1.29684	0.268363	-1.043223	-0.020213
1.231403	-0.236661	-0.314553	0.080845
-0.873307	-0.073987	-0.018473	0.391682
0.560678	0.552773	0.546368	0.027075
0.955183	-0.840146	0.027858	0.0677
0.55518	0.272272	-0.134588	-0.466233
-0.061309	0.042292	-0.180715	-0.168391
-0.642312	0.441434	0.268878	-0.429788
1.299053	0.205737	-0.111349	0.288558
0.097551	-0.133609	-0.416453	-0.033593
0.698129	-0.093179	-0.175319	0.403913
0.413811	0.83998	0.239989	-0.678973
-0.631291	-0.545705	0.055463	0.949142
-1.638791	-0.473365	0.361253	-0.054088
0.126953	0.378871	0.055704	0.060856
-0.963288	-0.238885	-0.703186	0.108284
-0.759282	-1.120858	0.092241	0.0
-1.897204	-0.826349	-0.506284	-0.35149
10000	10000	-0.197213	-0.279641
0.154837	0.417841	-0.141855	0.138039
0.01841	0.135846	0.4677	0.242862
0.877008	-0.945562	-0.385398	-0.337151
-1.121541	0.95624	-0.054938	-0.443314
0.246515	1.22478	-0.036605	-0.528054
1.753254	0.007531	-0.51109	-0.737279
0.055672	0.521383	-0.481308	0.019858
-0.619821	0.575307	0.208578	-0.14552
1.931492	1.39237	-0.299144	-0.059466
10000	10000	0.244698	0.171895
2.220321	0.352044	-0.126863	-0.178501
-0.724512	-0.215483	1.111642	0.317551
0.782025	0.224267	-0.247106	-0.271295
-0.992627	0.586857	-0.483294	-0.145273
10000	10000	0.045498	0.244434
0.282611	-0.20545	0.739892	0.61706
0.840402	0.032088	-1.284467	-0.934056
0.517142	0.00437	-0.189893	-0.427675
0.398297	0.048106	-0.198559	-0.091879
0.043527	0.165999	-0.440823	-0.045908
-0.434362	0.254285	-0.044871	-0.05899
0.165864	0.712898	-0.31355	-0.444584
-0.780295	-0.177385	0.331495	0.091372
-0.863813	1.245138	-0.376121	-0.045698
0.06136	0.273338	0.537696	0.052225
-0.580484	-0.390307	-0.367775	0.137225
-0.800299	-0.558192	0.107532	0.058868
10000	10000	0.332278	0.006541
0.465261	0.561041	-0.38605	-0.16998
0.290922	0.410199	0.0	0.156898
1.88742	-0.137965	-0.545108	-0.769039
-0.152895	0.261548	-0.062283	0.071448
0.124008	0.365597	0.062283	-0.214175
0.876297	0.540274	-0.284781	0.006482
-1.441711	-0.13656	-0.142086	0.493954
-0.845085	-0.463136	0.34668	0.6209
-0.196794	0.099023	-0.568277	0.256016
-0.37381	-0.706612	0.12404	0.289628
-1.262583	-0.195266	-0.539419	-0.217299
0.698805	-0.523535	-0.720349	0.052635
0.347342	0.606252	-0.174933	0.587442
-1.327646	-0.085564	0.253754	-0.039706
-1.044083	0.621548	0.122734	-0.462149
0.808771	-0.212911	0.545343	0.211003
10000	10000	-0.387326	0.297478
-0.197599	1.462742	-0.324631	-0.580901
1.919984	1.452697	0.184152	0.111948
-1.055548	0.421418	1.698868	0.416
2.048714	0.4347	0.268158	0.404435
-0.64335	0.143569	0.709199	0.847329
0.668773	-0.316129	-0.503282	-1.033171
-1.076154	0.214968	-0.205917	0.072968
0.245651	0.647578	0.403377	-0.092861
-0.482874	0.236171	0.152842	-0.0464
-0.639225	-0.081372	-0.368231	0.464968
0.765517	0.694976	-0.071595	-0.219472
1.109395	0.240903	0.044705	0.552911
-0.220257	-1.210335	0.278214	-0.066783
0.343581	1.850791	-0.188553	-0.598992
0.364439	1.102451	-1.088516	-1.056123
0.58382	-0.141443	0.20439	-0.078754
-0.341276	-0.127074	-0.691129	-0.157339
10000	10000	-0.400965	-0.359629
-1.533914	0.267195	-0.127432	-0.449354
-1.658124	-0.060786	-0.612974	-0.995678
-0.213672	-1.100456	1.035547	-0.18639
0.142162	-0.425887	0.247109	-0.160414
1.365234	-0.096674	0.594214	0.546431
-3.237505	-0.64422	-0.470336	0.258188
1.59988	1.36437	-0.459242	-0.72124
1.054464	-0.296538	0.061718	0.39862
-1.226086	-0.915163	0.388761	0.944987
-0.32716	-1.555101	-0.256401	-0.285727
-0.782563	-0.090535	-0.677609	-0.800885
0.395691	-1.056843	0.131546	0.580641
-0.042013	0.699371	0.026445	-0.245568
-1.582158	0.754679	0.079093	-0.193448
-2.634094	1.925197	-0.245856	-0.334432
0.610229	0.416155	-0.236508	0.308661
10000	10000	0.19267	-0.135156
-2.722024	0.288024	-0.350021	-0.109275
10000	10000	-0.19199	-0.093115
0.675467	0.635763	-0.130687	0.189535
0.400713	0.128251	-0.521064	0.0
-0.039708	-0.38924	-0.621789	0.0
10000	10000	0.189643	1.06676
10000	10000	0.345565	-0.25966
10000	10000	-0.732831	-1.524782
0.43626	10000	0.559896	0.204532
-2.868111	0.743561	0.432905	-0.051178
-1.148646	-0.641968	-0.484727	-0.694601
-3.300662	0.85681	-0.456508	-0.101561
-4.354972	0.61413	0.240875	-0.619782
4.603199	0.001318	-0.369819	-0.138605
-0.141711	1.223538	-0.368447	-0.364509
10000	10000	0.059893	0.402294
0.28263	0.115691	0.257062	-0.446192
-0.29972	0.830576	-0.82039	-1.45661
-3.428465	0.068264	-0.526146	-0.60993
-0.701409	0.77208	0.237311	-0.042989
3.70799	0.447435	-1.021489	-0.776681
-0.58135	-1.108854	-0.301914	0.292839
-1.236582	-0.909517	0.385939	0.545257
-1.419688	-0.716363	-0.42781	-1.08756
-0.604459	0.0	-1.34687	-0.085037
2.628393	0.973001	-0.847013	0.19448
2.982245	1.49938	0.287014	0.438967
-0.028861	0.253449	0.283727	-0.119081
-1.340424	0.072479	-0.201564	-0.057962
1.254847	0.321072	-0.639032	-0.389593
-0.703336	-1.400942	-0.699881	0.176342
-0.814599	0.239985	-0.356183	-0.606793
-0.954684	1.198959	0.729924	-0.332171
1.742882	-0.52445	0.056996	0.193123
10000	10000	-0.300901	-1.278561
1.250756	2.183694	-0.929484	-0.736877
1.499294	1.121038	-0.088459	0.272731
0.181237	-0.412273	0.12869	-0.272731
10000	10000	-0.080444	-0.634452
-1.35109	0.961374	0.40282	0.871565
0.692582	-0.466606	-0.563612	-0.739105
2.404269	-1.199799	1.700534	0.828161
-0.090174	-0.128379	-0.667524	-0.314321
-0.725251	1.055809	0.863788	0.820509
0.911744	0.215742	0.500235	0.227112
-0.416017	-0.785069	-0.492052	-1.118663
0.000103	-1.325646	1.226733	0.118421
-2.311389	-0.535978	0.431704	-0.04738
-0.691446	0.566158	-0.911052	-0.51384
0.733359	-0.54972	-0.706457	-1.013988
-1.581374	1.386136	0.797191	0.116697
-1.278722	-0.428602	-0.016422	-0.204135
0.868713	0.799487	-0.518541	0.116605
-0.467275	1.072535	0.123202	0.684832
0.845599	-0.284309	-0.082148	-0.064584
-0.463369	-0.876462	-0.426173	0.671383
-1.567436	-1.844679	-0.879113	-0.759383
0.129299	0.456173	-0.056642	0.599954
0.721902	0.319727	-0.194307	0.295419
2.146456	-0.763239	1.040244	0.987109
0.262659	-0.493829	-0.301811	-0.453138
10000	10000	-0.79493	-0.681784
0.751207	-0.212762	0.917184	0.337351
-3.214062	0.862238	-0.211806	-0.071118
2.169833	-0.230387	-0.665045	-0.08882
0.178263	0.181061	-0.34698	0.047359
-1.429026	-2.124883	0.508783	0.904185
10000	10000	-0.480588	-0.387664
-1.143223	-2.189507	0.334949	0.208556
-0.745973	0.33229	1.621949	0.628273
0.934096	-1.262481	-1.257468	-0.568614
0.508758	0.027995	0.512514	0.316827
-1.493231	1.005169	-1.360902	-0.911887
-0.814594	0.556567	-1.056434	-1.559998
1.712534	0.522166	-0.547728	-0.175086
-1.781981	-0.723125	-0.45826	-0.633561
-1.237047	-0.297569	0.894675	0.429686
2.044807	-2.766238	-0.278098	-0.116306
-0.869517	0.820855	-0.332437	-0.579544
1.353632	1.466874	0.348372	0.115632
0.542807	1.160567	0.262163	-0.011571
0.344424	-0.230776	-0.238364	0.28386
1.419843	0.598127	0.142824	0.704409
1.081306	-0.782082	0.406158	0.862505
-0.038877	1.855451	-0.762949	-1.090086
1.024805	-0.125299	0.213967	0.145826
-0.199823	-0.318487	-0.039734	-0.145826
-0.456762	-0.756243	-0.158317	-0.685446
0.308502	0.986796	-0.505538	-0.317903
10000	10000	0.031513	0.398983
2.542343	3.605803	-0.141745	-0.225711
0.646489	-0.351279	0.394235	0.405472
1.234455	1.79216	-0.007899	-0.382347
10000	10000	0.007899	-0.173304
3.356701	1.80291	0.936585	0.549849
-0.656329	-1.477471	0.303503	0.232425
0.064373	0.567282	1.02103	0.612687
-1.299574	0.549534	2.91063	1.236769
1.705984	1.549554	0.692829	-1.148935
-0.071515	-0.542256	0.672526	0.705469
0.399672	0.348673	1.093924	0.0118
-0.761987	0.696106	1.140525	-0.212181
1.329455	-1.451304	0.233131	0.312542
0.808637	0.423329	0.0	-0.893754
-0.768794	1.001836	2.743007	1.849225
-2.443691	-0.274835	-1.586629	-0.979098
0.178302	-0.440595	-1.527406	-0.076734
0.659924	1.351435	0.310527	0.106275
10000	10000	-0.435329	0.355019
-0.597058	0.315899	-0.36491	-1.078922
2.293516	-0.294652	0.670729	0.588137
-0.192356	-0.370133	-0.318726	-0.070758
-1.205629	0.496351	-0.068785	-0.511503
1.890643	-0.226602	-0.188908	-1.46124
0.542781	-0.104029	0.403922	0.167741
0.235098	-0.637167	-0.129024	-0.063671
-0.600542	0.394408	0.448309	-0.023132
-0.011717	1.713886	1.042319	0.185257
-1.286936	0.56946	1.37144	1.10125
1.51513	0.273125	0.59484	-0.694794
-1.188678	0.495723	1.011344	0.186364
1.34397	1.58472	-2.732767	-0.760725
-0.175755	1.104287	-0.54129	-0.599838
0.741197	0.070503	1.182207	0.386023
-0.423554	0.05927	0.141042	0.051964
-0.466329	-0.597695	-0.299573	-0.144284
0.048774	0.994923	-0.263413	0.601608
-0.598194	0.079037	-0.699302	-0.173917
0.247915	-2.25968	-0.043546	0.464442
-0.462067	1.996735	0.017498	-0.31953
1.644747	-0.823386	0.786772	0.029004
-0.263944	-0.599098	0.651642	-0.16233
-0.490953	0.408813	-1.203083	-0.704231
0.394912	-0.243729	-0.061089	-0.350256
-2.10619	0.663229	-0.209154	-0.131744
0.103539	1.448445	0.348823	-0.394217
-0.372093	1.415763	0.718841	0.017111
10000	10000	-0.526459	0.0
-2.09034	-0.516093	1.27727	0.079871
0.751896	0.715477	-0.017735	-0.506676
-0.792502	-1.227643	0.062068	0.085215
0.292049	0.685226	-0.309934	0.455709
0.609187	0.316856	-0.775073	-1.754428
1.761609	0.185281	-0.008769	-0.843555
-0.790664	0.800378	-1.359262	0.295274
0.859945	1.163062	-0.060562	0.072554
1.356725	-0.533139	-0.198726	-0.139483
-1.324224	-1.766239	0.259288	0.055765
10000	10000	-0.517909	-0.222895
-0.456864	2.020314	1.038428	-1.491749
-0.131603	0.275858	-0.632953	-0.082224
0.770579	0.396415	-0.353803	-0.519196
0.507962	-0.158595	-0.738076	-0.196039
0.906739	-0.249565	-0.775095	-0.347589
-0.842015	0.621692	-0.448684	0.429221
-0.935214	1.055653	-0.177222	-0.021776
0.585088	0.2098	-0.042147	-0.184909
-2.626478	-0.752065	0.160264	-0.951776
-0.690664	0.333078	0.092817	-0.42965
-0.784135	0.21759	-0.715559	-0.683612
0.956855	0.831296	0.420346	-0.159549
-1.154851	-0.955273	0.253144	0.719985
0.658192	-1.873005	3.087642	1.130377
-4.061494	0.369949	-1.194924	-0.910684
1.449951	-1.123683	-0.146222	0.021454
-0.475022	-0.487952	0.62066	1.584548
1.119618	0.297814	-1.901629	-0.272179
0.536519	-2.625072	0.008484	0.857154
-1.485308	1.288276	-0.194991	-0.617674
-0.421554	1.470793	-0.050804	-0.228615
1.524268	1.430308	0.449673	-0.941554
-0.495252	-1.534034	0.391917	1.121132
-2.681915	-0.163369	-1.069805	0.95773
0.032166	-0.366655	-0.303765	-0.082455
0.847647	-0.778973	0.523432	1.243976
-2.0026	0.07445	-0.599092	-0.322151
0.051553	-1.103807	-0.201732	0.455761
-1.210615	-0.465856	-1.342951	-0.77135
10000	10000	-0.1448	-0.276013
0.017002	3.077339	-0.556873	-1.112861
2.719571	0.029099	0.619028	0.837601
-0.643154	0.324957	-0.058024	0.203624
0.18843	-0.195708	-0.148803	0.707609
-0.087493	0.231154	-0.024783	-0.210595
0.332771	0.259541	1.70759	-0.397812
0.047052	-1.57507	-0.167887	0.774978
-2.284897	-0.703206	-0.268025	1.061462
-1.745958	1.23279	-1.205586	0.478543
10000	10000	0.688236	0.6511
0.048409	2.324733	-0.911126	-0.538172
-1.633512	-0.279568	0.256038	-0.118568
1.386133	0.453897	-0.782395	-0.416714
0.712018	0.339344	-0.26215	0.20814
0.789366	0.51628	0.385262	-0.896969
10000	10000	-0.287036	-0.139428
1.194724	-1.1527	1.435195	1.250611
-0.425	-0.698052	-0.422793	0.679502
-1.911351	0.776371	-0.2643	0.085261
-0.041688	0.855396	0.256025	-0.18748
-0.554706	-0.637689	0.289943	0.028381
-0.254973	0.854579	-0.281668	-0.746649
-2.193583	0.527182	-0.577423	0.084568
1.096287	0.474686	-0.377712	0.889443
0.999833	0.790621	0.073851	-0.068264
-1.774951	1.066575	-0.531589	0.096718
0.614799	-0.948414	1.264069	0.473574
-1.384518	-0.331201	-0.057799	0.315046
10000	10000	1.087364	-0.349351
-0.996033	-0.259967	-0.855941	-0.080016
0.589328	0.224936	-0.70911	-0.085646
0.144227	-0.471081	0.477687	0.22857
2.146962	-1.090082	1.229352	0.11448
-1.302075	-1.167747	-0.923437	-1.495072
-1.057788	1.205425	-0.404933	0.0
-0.489327	1.729399	0.322248	-0.965811
2.736853	-0.390571	-0.082709	0.201379
-3.077576	-1.855011	-0.815202	1.06393
1.229554	-0.956499	0.0	-0.564332
-1.89169	-7.113889	0.205212	1.428269
-4.352388	4.924728	1.073942	0.65863
3.282496	-0.227126	-0.248938	0.709284
-2.962705	-1.698487	0.0	0.0
0.572749	1.203337	0.265555	0.173759
10000	10000	-0.926087	-0.681719
0.249766	2.81794	-0.549839	0.797734
-0.315944	0.212368	-0.725937	0.319724
0.520398	-0.502979	-0.073113	-0.337133
-4.310237	-1.127838	-0.857054	1.01482
-0.882622	-0.69024	-0.120692	0.064505
1.077364	0.28728	-0.497312	-0.246066
-2.767213	-1.94788	-1.232618	-0.525235
-0.044719	1.174142	0.634298	-0.4472
-2.260027	1.267219	0.310709	-0.127401
7.660487	1.904519	-0.111658	-0.237005
2.68572	-0.845888	-0.516672	0.161794
-5.430482	0.67559	-0.648015	-0.150242
2.899217	1.51192	0.806705	-0.489618
2.501426	0.427669	-0.419962	0.114991
10000	10000	-0.331627	-0.051767
-5.242521	-1.282212	-0.2911	-0.556179
1.115664	0.086205	0.192726	-0.649724
10000	10000	0.043258	-0.263807
3.61531	0.39433	-0.635939	-0.025493
2.207507	2.007144	-0.717547	-0.646479
-0.573745	-0.317504	0.038851	-0.036577
-1.939285	0.522471	-0.101015	0.309902
-1.694782	-0.37644	-0.472635	0.0
0.719135	1.092561	-0.639576	-0.557139
-1.799469	-0.144442	-0.268438	-0.386478
3.382235	-0.673083	0.753553	-0.094991
-1.256721	-0.615765	0.247179	0.240444
-2.631517	-1.543102	-0.332083	1.375447
-0.912872	-0.162444	-0.576658	-0.797129
0.031998	1.043426	-0.260417	-0.005631
0.475444	0.481506	0.015296	-0.303595
3.418189	-0.258588	2.862847	0.529072
-2.32053	-1.066209	-1.282472	-0.197323
-5.381498	-0.895863	-0.511597	-0.022523
-3.423887	0.728238	-0.593451	-0.258698
10000	10000	0.678537	0.196776
0.844968	-2.226555	-0.463149	0.281767
10000	10000	-0.153853	-0.140985
-0.823354	0.402321	-0.276484	0.107128
-0.185138	1.788574	0.878101	-0.948887
3.220103	1.816913	-0.739964	0.011178
10000	10000	-0.206995	-0.401577
10000	10000	-1.558791	-0.438789
-1.998376	0.63966	-0.841376	-1.151622
-0.404911	-1.079422	0.052378	-0.366389
0.880684	-0.267279	1.341265	0.328053
-0.05984	-0.829156	-0.363436	0.356603
-0.160458	-3.01021	0.204332	-0.20315
-2.229791	1.234149	-0.596576	0.027425
0.62202	1.365195	0.862001	0.142751
2.45036	0.609408	0.601681	-0.131768
10000	10000	0.813171	-0.492618
5.933831	0.371983	0.41679	-0.103685
10000	10000	0.205186	-0.130827
1.975076	1.761798	0.431095	-0.174155
1.923693	-0.802305	1.032807	1.066027
-1.684715	-0.800498	-0.117931	0.783494
2.310223	-0.568564	1.320508	1.506885
1.678718	-0.065813	-0.982208	-0.878988
-0.538607	1.253412	1.277133	0.446933
-0.045878	0.867212	0.127926	-1.528019
0.239845	0.818158	-0.422851	-0.741667
-2.295487	-0.530069	-1.068772	-0.125801
0.888186	2.118622	0.354916	0.61964
1.456603	0.470291	0.491246	0.385779
-0.827958	0.090421	1.859789	0.575914
0.712285	-0.33426	0.113392	0.774971
0.215959	0.884931	-0.388138	-1.190631
0.963296	-0.170031	-0.112839	-0.463497
0.000522	0.814885	0.68746	0.524358
10000	10000	-0.243283	-0.650889
-0.175452	0.502167	-0.926612	0.55685
-2.260713	-0.396237	-0.424275	-0.55685
10000	10000	-0.57342	0.093502
-0.00178	0.261398	-0.499016	-0.505023
-1.058668	0.9052	0.118507	0.290625
0.015587	-0.366933	0.197996	0.247425
0.837574	0.575028	-1.338535	-0.197987
-0.879651	0.379285	0.015597	1.383075
-2.508646	-0.732826	-0.054719	-0.150293
0.999065	1.190292	-0.662408	-1.117332
0.858493	0.551742	1.179699	0.192697
1.979887	0.063863	0.915863	-0.055097
2.538087	-0.156412	0.580673	0.066117
-0.557668	0.411491	-0.683728	0.237293
-0.424531	-0.446812	-0.4033	-0.496008
-1.455645	-1.180392	-0.832967	-0.821247
1.66817	1.975442	0.0	0.038176
-0.935024	-0.320672	-0.043077	0.316871
0.060615	1.128252	0.317422	-0.087507
-1.343747	0.395737	-1.480036	-0.120215
-1.085594	0.135623	0.061807	0.185837
2.883593	-0.124393	0.870318	0.526578
-1.173318	0.994491	-1.217825	-0.054974
0.803698	0.109267	0.719569	0.016481
-2.246106	0.468158	-0.996737	-0.373132
0.35641	0.387997	-0.567376	-0.404486
0.903936	0.860716	0.267912	0.152857
0.227657	-0.328972	0.015398	0.257113
-1.567995	1.494864	0.176447	-0.093074
0.312338	-0.915105	1.026806	0.038311
1.916166	-0.101692	0.341956	0.339987
-1.43158	-0.488118	-1.483927	-0.329034
-2.886179	-0.172673	-1.280511	-1.116124
1.611064	0.74705	-0.949826	-0.08118
-1.742613	0.579216	-0.292202	-0.243141
-3.373412	1.064564	-0.037444	-0.091702
-1.185895	0.239883	-1.093176	0.334844
1.20557	-0.635307	0.348209	0.466335
1.721564	-0.542881	0.849756	0.152299
2.45969	-0.714549	1.767197	1.265387
0.972503	0.81544	-0.038078	-0.505887
10000	10000	2.023333	0.024687
-1.333668	-0.088283	-0.704748	-0.041141
-0.247031	0.544618	-0.038625	1.174966
0.13494	0.319449	-0.515444	0.066599
-2.582435	-1.001126	-1.167361	-0.188606
-1.139509	1.304424	0.098559	-0.238024
-0.042675	0.082805	-0.333491	0.426629
0.0	0.239107	0.675854	0.679709
0.409684	0.324423	0.634411	-0.29028
0.000954	-0.926406	0.299389	-0.228279
1.570865	-1.048722	-0.971878	0.373322
-2.282326	-1.946798	-0.683112	0.217937
-1.639704	-0.131702	-0.015213	-0.390839
10000	10000	-0.120916	-0.072417
1.582498	2.427201	-0.294186	-0.011143
-0.255427	0.826779	-0.383368	0.743294
10000	10000	0.187739	0.196531
10000	10000	1.118761	0.620165
-2.316592	-1.444817	-1.231494	0.181143
-0.66351	-0.889075	-0.03744	-0.175484
0.039415	1.180073	0.345802	-0.079156
1.5257	-0.135454	-0.045155	-0.355391
-0.387046	0.82343	-0.951581	-0.005631
0.139105	0.274759	-0.044671	-0.174416
-0.235676	-0.133259	0.350882	0.00562
-0.424412	-0.776251	-0.641216	-0.325513
0.924732	-0.262811	-1.240824	-0.072809
1.080823	0.334041	-0.183393	0.100836
0.649264	0.856159	0.34497	0.782112
1.221036	-0.39576	0.856582	0.697223
-0.275538	-0.374817	-0.724205	-0.102333
10000	10000	-0.843021	-0.232722
0.524957	-1.492432	-0.654929	-0.373458
-1.398035	-0.163754	0.334208	-0.731576
0.840795	0.489538	-0.854957	0.196428
-0.79937	-0.618718	-0.216316	-0.32531
-2.257144	0.01467	-0.53843	0.426486
1.512037	0.205109	0.574548	-0.123649
-1.342677	-0.964183	0.13694	0.614106
0.516483	1.111345	0.151447	0.135733
-0.670184	1.723239	-0.948856	-0.474232
-0.187599	0.166846	-0.62758	-0.225032
1.527756	0.240815	0.348906	-0.028101
-1.236904	-0.549608	-1.022067	-0.872576
-2.142977	-1.60413	-1.611292	-0.688207
0.0552	0.388436	-0.346814	0.121754
-1.321136	-2.006635	-1.204595	-0.25994
-0.709349	0.977552	1.983184	0.648336
-0.033972	1.777975	4.86965	0.714124
4.297379	-0.065958	-0.977112	-0.530513
-0.610913	-0.518345	0.772058	0.37386
0.26889	0.233221	-0.960622	-0.29028
-1.676319	1.464007	-0.793453	-0.456029
0.454508	1.188985	-1.433943	-0.016651
0.059758	-0.318278	-0.635492	0.2444
0.512951	0.346516	-0.154698	-0.687248
1.0184	0.465737	0.408422	-0.055213
2.978417	-0.409274	1.822801	0.193399
3.309204	1.289896	0.887793	-0.573573
0.662053	-0.186495	-2.165892	-0.087961
10000	10000	1.087901	0.054963
-0.740858	0.945432	-0.568582	0.369023
0.404559	-0.229244	1.140477	-0.121328
0.696215	1.00904	-0.568343	-0.264176
-0.509563	-0.671845	-1.126836	-0.515358
-2.193834	0.496787	0.021284	0.669374
1.666148	0.073834	-0.184269	0.845848
0.782489	1.057733	0.81761	-0.155331
0.756613	-0.235497	-0.299376	0.283104
0.706409	0.780896	0.199453	0.641329
-0.967741	0.230303	0.529191	0.325028
10000	10000	0.380618	-0.011236
-0.083189	-1.843735	-1.002532	-0.319386
-1.606975	-0.085009	-0.582476	-0.061516
-0.646839	-2.11221	-0.07089	0.184668
1.0684	0.092087	-0.247384	0.252378
-2.584964	0.565541	-0.598429	-0.37553
1.061679	-1.495523	0.838747	0.933013
0.269887	-0.446034	-0.838747	-0.084669
0.268914	1.556423	-0.998706	-0.534566
1.08882	-1.960712	-0.533698	0.199422
-1.314481	-0.737101	-0.640771	-0.289167
-0.879197	-3.691776	0.468175	0.703332
-0.196278	0.86463	0.671604	0.084729
-0.727624	0.75539	-0.222068	-0.225793
-0.296794	-0.016526	-1.376815	-0.382689
-1.289262	-0.580869	0.027343	0.241828
-1.41405	-1.315934	-0.749448	-0.247452
-0.182034	1.41559	0.722105	-0.314035
0.019829	-0.862384	0.941045	0.039199
-1.692103	-1.137708	-0.96841	-0.908866
-2.201192	1.949358	0.260099	0.450618
1.802754	1.604698	0.570413	-0.433964
2.248525	-0.285541	0.740171	0.21118
-0.096953	-0.590055	0.61984	-0.111208
-0.607438	-0.95914	-1.187633	0.111208
-2.046126	0.641674	0.762333	0.11132
0.562648	0.432827	-0.333348	-0.228084
-1.382164	-0.796499	0.110998	-0.382679
-3.089337	-3.912514	1.588224	0.555097
-3.517273	-1.482264	0.035162	2.052644
1.372153	-7.028352	1.793826	0.855922
1.838275	3.762154	2.016881	-0.34325
0.048634	-0.378896	-0.962776	0.171486
-0.80579	-0.833361	2.439394	1.208645
-1.542773	-0.855767	0.469603	-0.433346
10000	10000	1.445218	0.462298
6.014853	4.964597	-0.189343	-0.231408
-1.064758	-1.700819	-3.143447	0.62605
-0.608465	-2.618972	1.641306	2.127487
-5.242424	2.902805	2.60543	-0.668981
2.205787	2.026769	-1.42811	-0.141505
10000	10000	-1.072871	0.365977
-0.208759	1.51892	-0.59516	-0.029556
-2.413508	-2.578193	2.045828	-0.2362
0.890598	0.119672	-0.415587	0.029485
-2.797967	0.943489	-1.377787	0.283592
1.405865	1.915963	-0.696567	0.450668
10000	10000	-0.31709	0.255885
2.971906	-1.704494	0.835319	0.286408
-3.451449	1.233715	-1.144007	-0.322157
1.342827	0.376409	0.279213	0.226602
