
 -1.312903e+00 -5.522191e-03 -1.219483e-01 6.305055e-01 1.051981e+00 -2.904218e-02 9.971983e-01 2.296001e+00 -1.179747e-01 2.591666e+00 -1.340331e+00 -8.817842e-01 1.291519e+00 5.186277e-02 -4.964998e-01 7.549117e-01 1.330995e+00 -2.27998e-02 -1.285218e+00 2.407211e+00 1.941965e+00 1.494366e+00 -4.507041e-01 2.700838e+00 -4.150135e-01 1.866154e+00 2.309742e+00 1.212695e+00 -4.379783e-01 -6.196448e-01 -7.581398e-01 -1.350781e+00 -2.646676e-01 -7.854861e-01 -1.416384e+00 -7.649536e-01 -9.050219e-01 -6.260052e-01 -5.517201e-01 -1.046288e+00 -9.239671e-01 -1.440041e+00 -8.4631e-01 -3.318287e-01 1.461225e-01 -6.837317e-02 -8.622811e-01 -1.092226e+00 -8.345599e-01 -8.250642e-01


 -1.302365e+00 1.608155e-02 -9.888631e-02 6.59168e-01 1.084906e+00 -6.056711e-03 1.029865e+00 2.343118e+00 -9.701199e-02 2.638489e+00 -1.33074e+00 -8.716675e-01 1.329535e+00 7.080122e-02 -4.78006e-01 7.844868e-01 1.369125e+00 3.193143e-03 -1.277153e+00 2.453349e+00 1.986205e+00 1.528567e+00 -4.34467e-01 2.752043e+00 -3.995547e-01 1.910576e+00 2.360443e+00 1.246485e+00 -4.22417e-01 -6.028287e-01 -7.058968e-01 -1.296586e+00 -2.092237e-01 -7.163937e-01 -1.358098e+00 -7.066667e-01 -8.494653e-01 -5.689355e-01 -4.862589e-01 -9.969611e-01 -8.689072e-01 -1.385849e+00 -7.976231e-01 -2.677218e-01 1.984118e-01 2.750667e-03 -8.031554e-01 -1.03497e+00 -7.74425e-01 -7.661969e-01


 -1.276124e+00 6.627423e-02 -4.553706e-02 7.246404e-01 1.159604e+00 4.71269e-02 1.104003e+00 2.448538e+00 -4.820695e-02 2.743271e+00 -1.30655e+00 -8.463398e-01 1.415253e+00 1.152246e-01 -4.345453e-01 8.519343e-01 1.45509e+00 6.288678e-02 -1.256266e+00 2.556651e+00 2.085396e+00 1.606028e+00 -3.958911e-01 2.86631e+00 -3.626633e-01 2.010161e+00 2.47362e+00 1.323055e+00 -3.853037e-01 -5.629996e-01 -5.893818e-01 -1.175845e+00 -8.57799e-02 -5.634064e-01 -1.228504e+00 -5.770692e-01 -7.257778e-01 -4.419727e-01 -3.411317e-01 -8.867593e-01 -7.462947e-01 -1.265115e+00 -6.888058e-01 -1.255262e-01 3.150267e-01 1.601353e-01 -6.717421e-01 -9.076038e-01 -6.408271e-01 -6.35343e-01



 -1.229374e+00 1.416865e-01 3.365247e-02 8.183367e-01 1.264341e+00 1.261182e-01 1.20807e+00 2.590037e+00 2.554489e-02 2.884007e+00 -1.262253e+00 -8.006815e-01 1.533176e+00 1.837332e-01 -3.671885e-01 9.479941e-01 1.573308e+00 1.496681e-01 -1.215922e+00 2.695614e+00 2.219441e+00 1.71407e+00 -3.343797e-01 3.018396e+00 -3.031677e-01 2.144677e+00 2.624401e+00 1.430032e+00 -3.255426e-01 -4.999885e-01 -4.346068e-01 -1.016014e+00 7.728633e-02 -3.649876e-01 -1.058078e+00 -4.066393e-01 -5.624199e-01 -2.746954e-01 -1.521186e-01 -7.395387e-01 -5.842233e-01 -1.105291e+00 -5.432419e-01 5.997896e-02 4.699214e-01 3.63816e-01 -4.991393e-01 -7.398441e-01 -4.656102e-01 -4.634097e-01




 -1.162203e+00 2.248494e-01 1.189229e-01 9.117012e-01 1.363865e+00 2.11278e-01 1.307221e+00 2.710073e+00 1.077813e-01 3.003617e+00 -1.196451e+00 -7.341201e-01 1.640058e+00 2.630441e-01 -2.885203e-01 1.042677e+00 1.680355e+00 2.391745e-01 -1.152326e+00 2.814235e+00 2.335319e+00 1.815439e+00 -2.58973e-01 3.14434e+00 -2.288856e-01 2.260818e+00 2.749616e+00 1.530806e+00 -2.511124e-01 -4.23745e-01 -3.071629e-01 -8.857492e-01 2.093563e-01 -2.131924e-01 -9.219011e-01 -2.704607e-01 -4.301871e-01 -1.402758e-01 -5.571381e-03 -6.163098e-01 -4.527084e-01 -9.750301e-01 -4.209375e-01 2.045689e-01 5.974321e-01 5.185471e-01 -3.617483e-01 -6.051554e-01 -3.267607e-01 -3.263922e-01



 -1.042661e+00 3.414257e-01 2.351083e-01 1.026386e+00 1.477407e+00 3.27484e-01 1.420832e+00 2.819811e+00 2.245294e-01 3.113434e+00 -1.076655e+00 -6.14465e-01 1.752235e+00 3.803348e-01 -1.711104e-01 1.157117e+00 1.792502e+00 3.545744e-01 -1.032121e+00 2.924236e+00 2.445828e+00 1.928639e+00 -1.409583e-01 3.252983e+00 -1.106624e-01 2.371278e+00 2.858394e+00 1.644116e+00 -1.329166e-01 -3.058855e-01 -1.987986e-01 -7.77908e-01 3.168627e-01 -1.093441e-01 -8.151563e-01 -1.637162e-01 -3.227109e-01 -3.320517e-02 9.925019e-02 -5.071638e-01 -3.45099e-01 -8.671882e-01 -3.1162e-01 3.097535e-01 7.05784e-01 6.21851e-01 -2.552287e-01 -4.981346e-01 -2.205115e-01 -2.198033e-01



 -5.658298e-01 2.866543e-02 -1.817083e-01 2.099309e-01 3.568195e-01 -8.387223e-02 3.186865e-01 6.864774e-01 -4.248732e-02 1.001118e+00 -5.322383e-01 -1.0755e-01 2.68378e-01 2.577605e-01 -2.619526e-01 2.755502e-01 3.005054e-01 -2.713851e-01 -3.788062e-01 8.607536e-01 5.178253e-01 7.169767e-01 -7.077075e-02 8.279822e-01 1.50562e-02 4.302943e-01 4.693497e-01 4.618159e-01 -1.451284e-02 -2.770114e-01 -2.697875e+00 -3.416275e+00 -2.410622e+00 -3.810734e+00 -3.745396e+00 -3.094059e+00 -3.058232e+00 -2.876697e+00 -3.343029e+00 -2.798127e+00 -3.045179e+00 -3.505349e+00 -2.556943e+00 -3.035888e+00 -1.796589e+00 -3.224497e+00 -3.24543e+00 -3.354917e+00 -3.282728e+00 -3.191563e+00



 -4.127845e-01 3.346158e-02 -1.964491e-01 1.201564e-01 2.099427e-01 -9.758787e-02 1.752722e-01 3.494534e-01 -2.910263e-02 6.680401e-01 -3.665037e-01 5.114353e-02 5.329585e-02 2.982649e-01 -2.154904e-01 1.735505e-01 8.389511e-02 -3.253934e-01 -1.926255e-01 5.368445e-01 2.19353e-01 5.530003e-01 5.925432e-03 4.361966e-01 1.021786e-01 1.293848e-01 8.4315e-02 3.033523e-01 7.123614e-02 -2.08072e-01 -3.103568e+00 -3.848122e+00 -2.859201e+00 -4.442167e+00 -4.232043e+00 -3.580725e+00 -3.508319e+00 -3.347057e+00 -3.925813e+00 -3.164747e+00 -3.488612e+00 -3.937157e+00 -2.914993e+00 -3.600527e+00 -2.202902e+00 -3.883146e+00 -3.743334e+00 -3.827772e+00 -3.794154e+00 -3.686005e+00
