            256 10.6791
 5.59406
 59.6373
 69.4636
 54.3035
 33.5528
 29.52
 48.6491
 24.0518
 55.0567
 8.30206
 11.182
 21.4179
 59.3021
 30.209
 23.8961
 15.8039
 20.6936
 22.1967
 50.5336
 31.5158
 33.7229
 20.5557
 41.2526
 45.8296
 61.9364
 20.4153
 64.6461
 25.8893
 56.6804
 33.4223
 10.8772
 28.9555
 63.4196
 23.0502
 11.6892
 33.1712
 47.1252
 49.866
 65.7068
 56.103
 50.6758
 57.5277
 55.3726
 39.0062
 56.5122
 13.5303
 59.0223
 41.6577
 18.9713
 67.4826
 15.0987
 32.1307
 10.2006
 45.5311
 21.868
 30.5109
 49.8721
 51.5139
 23.9042
 46.0709
 31.9237
 6.35247
 26.2991
 36.4635
 39.4752
 46.5721
 15.2457
 39.8964
 39.9295
 51.1979
 11.675
 49.966
 27.5649
 37.7041
 32.4833
 11.0211
 54.6236
 32.6726
 25.9795
 55.773
 31.9376
 51.3958
 28.3576
 57.6227
 53.4291
 45.7617
 51.3364
 21.4436
 41.9459
 56.8968
 42.3598
 6.31083
 22.4032
 27.0904
 29.6255
 29.0348
 48.7
 56.5073
 44.9063
 53.572
 44.6479
 28.1039
 44.3189
 4.2494
 47.5778
 10.7053
 5.0679
 21.8601
 48.5513
 34.0929
 35.7921
 27.5131
 41.2556
 33.4499
 36.5017
 54.5879
 28.0472
 52.5511
 52.982
 9.45836
 33.6406
 28.9372
 31.3051
 61.7635
 56.3222
 41.749
 47.9623
 58.9427
 53.4966
 56.9402
 26.2787
 49.0456
 62.7845
 29.309
 51.1958
 57.5072
 48.7167
 34.6658
 27.3279
 51.8052
 32.1467
 50.8438
 63.5204
 29.6035
 49.6778
 49.0396
 37.2522
 57.6911
 11.7988
 28.5511
 9.68173
 10.8614
 29.73
 60.2123
 49.7437
 62.0676
 8.26045
 34.9197
 7.91123
 46.8367
 23.2543
 24.6085
 51.4189
 31.6431
 43.6808
 6.42547
 32.5573
 4.39664
 40.8076
 33.454
 61.0263
 26.8043
 37.7471
 11.8418
 51.9748
 2.65177
 25.6809
 54.368
 9.7385
 55.9759
 42.9733
 46.3675
 12.0766
 29.0564
 17.1942
 30.4172
 27.1916
 58.6918
 48.2763
 19.544
 28.7911
 14.1859
 57.9803
 40.1872
 12.9449
 34.58
 54.0068
 48.8286
 32.6988