# Number of parameters = 8  Objective function value = 172.186  Maximum gradient component = 2.27517e-05
# b_race:
 -0.461176 -0.579490 -1.21471
# b_sex:
-0.726084838512
# b_south:
-0.508107899128
# lambda1:
1.78771236500
# lambda2:
11.0521513461
# lambda3:
5.25530822335
# u1:
 -2.18470893734 -2.12970102604 -1.98023037129 -1.07794809071 0.144204270849 1.23350662494 1.58195255984 1.35859392152 0.749974579724 0.500633177302 0.507980527109 0.508395462235 0.546574074926 0.497615227995 0.420272678881 0.346565364728 0.276491738977 0.210051801627 0.147245552679 0.0880729921317 0.0325341199863 -0.0193710637575
# u2:
 -1.80522857704 -1.77960863448 -1.69257319659 -1.54459544620 -1.43430403439 -1.32409482634 -1.17726808280 -0.925262798235 -0.672966218600 -0.417818395673 -0.0525195424913 0.323937372483 0.643649649358 0.951820112941 1.09968712300 1.30202571941 1.51956672239 1.74723784659 1.88660585713 1.86693781057 1.75631570634
# u3:
 0.559378243086 0.592979704629 0.644905359014 0.739263814167 0.870271003749 1.05055958121 1.15624789266 1.22091477993 1.35426811224 1.48645867248 1.25504562794 0.922279234920 0.137229919633 -0.518133856700 -1.00969930171 -1.44525152959 -1.67424015654 -1.71097449028 -1.58946931553 -1.64999252286 -1.82097108303
