# Number of parameters = 10  Objective function value = 624.551  Maximum gradient component = 0.00185373
# b:
 -1.33005 0.883918 -0.929966 0.475144 -0.270158 0.337242
# tmpL:
 -0.763529 -9.41762 -0.000571623
# log_alpha:
2.00926456440
# u:
 0.0760305479677 -2.26511695349e-005
 0.102135714493 -1.16646709993e-006
 0.612921646588 3.95590435998e-005
 0.269968977825 -7.11471761426e-006
 0.0268595685579 0.000115279315730
 -0.389146304440 6.88760528226e-005
 -0.259536400295 -8.09467007626e-005
 0.743400286336 -0.000147306966839
 -0.358041108545 1.35772328391e-005
 1.70189539891 -0.000198270038941
 0.279467404462 -1.80729596451e-005
 -0.0660553931949 -7.23225118715e-005
 -0.157646168013 -1.02080977344e-005
 -0.153311615883 9.87494210034e-005
 -0.450228168122 -7.33927559043e-005
 -1.61963540140 -6.88099464157e-005
 -1.40584256820 8.02549448828e-005
 0.330964669888 -1.26237845938e-005
 -0.476860311773 2.71576889355e-005
 -0.212858435101 0.000105826856259
 0.0178617161281 2.15147598837e-005
 0.602215500237 2.14412313446e-005
 -0.590958875338 5.93390255703e-005
 0.149247972682 -2.42008217989e-005
 1.79628584122 0.000136340737776
 -0.864604894218 -5.96777235458e-006
 0.0483907618907 8.16757925321e-006
 0.461060584671 5.49189616575e-006
 -0.614506960461 -2.72666192852e-005
 -0.316795443290 -2.60794701549e-005
 -0.619423383002 -2.96579942728e-007
 0.977767712477 -2.15877112655e-005
 0.833430601312 4.76263142139e-005
 -0.594555390575 -1.84881471567e-005
 1.87755794018 -1.70848999900e-005
 1.00129975966 1.21725458245e-005
 0.491560729497 2.05124090449e-005
 -1.28939755008 6.27805599984e-005
 -0.123599846794 -3.95347797184e-005
 -0.0119446293675 -3.91063168069e-005
 -1.07335148816 1.85535987461e-005
 0.221188712248 -4.91542222792e-005
 0.722249853452 8.20636961228e-005
 -0.00313879935171 -1.73722741158e-005
 0.142557725206 -0.000111321827190
 0.693267908915 5.36112664672e-005
 0.181857381727 3.19535600974e-005
 -0.715457726814 -4.46952238440e-005
 1.24346968427 -5.37931201497e-005
 -0.416683843239 5.38171374499e-006
 -0.389547452450 -7.30975518755e-007
 -1.43508185879 6.45054942096e-005
 0.800872050926 2.72624764332e-005
 -0.754969964847 -8.09911892970e-005
 0.352315201815 4.54370911866e-006
 2.04736330830 7.28976415873e-005
 -1.22248172990 -2.99032256252e-005
 -1.74682366146 3.59583136185e-006
 0.158114700564 1.96941286202e-005
