# nyear
80
# nage
15
# catch
0.0225230858139889
 0.0442756091964899
 0.0659385042602976
 0.0872670615334788
 0.10824916052375
 0.126446687483643
 0.145854721458079
 0.162553131789203
 0.177773649517131
 0.194071788892735
 0.200790211134246
 0.208812782687882
 0.216142651456286
 0.220066938026903
 0.227760960295058
 0.234488764999973
 0.239440830364492
 0.244845151003217
 0.254707169904168
 0.268976390499397
 0.284884130771726
 0.2947834733457
 0.29841524267562
 0.308077773868405
 0.313907850949599
 0.31898284950063
 0.327220120231111
 0.338487647022115
 0.345534238977076
 0.359866286786606
 0.364131199166357
 0.364371834611157
 0.370053758095301
 0.384349948958483
 0.396909443333558
 0.409900201660671
 0.408905785039305
 0.415018654852239
 0.422551061674204
 0.417586551711939
 0.388502681704795
 0.368408431183815
 0.365552046970885
 0.345216409724855
 0.334080603583079
 0.32938722356665
 0.331053422552518
 0.333715834424546
 0.338784196801384
 0.344272176255098
 0.338506956507007
 0.333513153620501
 0.320732500408983
 0.308915450646934
 0.305209215040295
 0.304422390143039
 0.304508552507467
 0.307555777419288
 0.30005002698226
 0.294813889848331
 0.286510213540925
 0.282023179990914
 0.279652349392572
 0.27390383930719
 0.27074080468764
 0.265975427973389
 0.264553021323739
 0.264452753060363
 0.254971435131669
 0.249105397755201
 0.243775503945357
 0.240983518996983
 0.239128150786382
 0.224733246877498
 0.221577446927219
 0.216804120758243
 0.213860700907683
 0.20484107636499
 0.200042325487535
 0.193623517535989
# spat
0.0573420701543457
 0.0747245144243092
 0.0725102167295361
 0.0691946759715911
 0.0662719417247588
 0.0697502841646598
 0.0704717788260715
 0.0759584182785371
 0.0791429332130446
 0.0646457681895502
 0.05726144515157
 0.0634665897747194
 0.0656254596795275
 0.0705500798928978
 0.0853609390668709
 0.0908694468089676
 0.101850408570452
 0.102006172512239
 0.10636537280693
 0.120584544332399
 0.10793026090899
 0.0933774124717992
 0.094574444079987
 0.0878187631122513
 0.100302539200871
 0.108360381764283
 0.123874623924174
 0.125907425347489
 0.110815757313386
 0.110773905984742
 0.110497804195917
 0.0949889057054451
 0.118249974867388
 0.125681722717422
 0.134657411687567
 0.12471851194931
 0.133705015314148
 0.128412255137434
 0.115544887680002
 0.103322168896573
 0.104354361850581
 0.148378080077405
 0.128786484435908
 0.112704828888325
 0.123908337375933
 0.129273035827544
 0.147674189543818
 0.127960903272567
 0.141134102944925
 0.136570479779392
 0.109569772814442
 0.110593163867323
 0.113839656702063
 0.106235236218632
 0.124751655502507
 0.123463136322086
 0.13709440448319
 0.136646118295509
 0.114832192445975
 0.108757957276876
 0.0931250534740319
 0.115766098371943
 0.113694154836767
 0.118190820081836
 0.114165401892115
 0.116866873467384
 0.105686513857777
 0.0996899900959917
 0.10321133033785
 0.102483448884434
 0.108325527508936
 0.111961253448756
 0.105630883396478
 0.0894925132434085
 0.111057986817581
 0.116672832531226
 0.108066317698232
 0.0943945924585938
 0.113988268206209
 0.0995576935255082
0.0865961599557587
 0.0788888967309069
 0.0912278080114823
 0.0985488834601946
 0.0892708744240891
 0.0846141884992162
 0.0914274681748536
 0.0905653930740362
 0.0928536119422072
 0.107258698015885
 0.0894392940503623
 0.0774690120229649
 0.0792369851287229
 0.0860741646274902
 0.0903662570010692
 0.112724982594718
 0.111333912829714
 0.118440513578354
 0.122415361015111
 0.133676520574517
 0.152000094946252
 0.129372396142937
 0.109959302297612
 0.123876784565624
 0.108058768124132
 0.12203548135235
 0.131379457504731
 0.153414666763504
 0.149877756582709
 0.131015455408316
 0.136472263884744
 0.14103946391583
 0.118616777651379
 0.150216638269084
 0.149487218628196
 0.155813575371989
 0.153883096214184
 0.158420775709119
 0.161054444959328
 0.150090526810502
 0.130792696200763
 0.131324993833639
 0.167379848325478
 0.161583886732344
 0.133027184863068
 0.158770436127087
 0.148443623074996
 0.174817599872028
 0.148029182221164
 0.166838280499349
 0.160738198099857
 0.13524017654776
 0.129527394554239
 0.142212288517996
 0.138097963720477
 0.153708840703818
 0.133691472182478
 0.159725581886531
 0.161757740898751
 0.138094119120346
 0.13341712513855
 0.112729269973016
 0.14497955787298
 0.134787153922091
 0.147609886622865
 0.133699602330337
 0.139955850316449
 0.131231124220432
 0.125126800941009
 0.129264746867796
 0.12630135305557
 0.128630227956441
 0.143896854069723
 0.130511326844903
 0.108585036325118
 0.125518388019018
 0.143114463287339
 0.129935300341179
 0.115682573999465
 0.147136707017579
0.0911189219815905
 0.0940868477691143
 0.0806793747481533
 0.0983790399400099
 0.108354401821958
 0.0958384981537412
 0.0949218996869986
 0.0967289511156595
 0.0947021263762278
 0.100681412723375
 0.117216882414942
 0.099623537742974
 0.0861945210490928
 0.0861874494224609
 0.0982599799070666
 0.098882871325467
 0.114849452149682
 0.122841835117472
 0.12317191865112
 0.117635270452944
 0.141200759324863
 0.171444500938568
 0.132151073992714
 0.121924728695658
 0.133567010345958
 0.100077006618217
 0.126400054009003
 0.134858339577657
 0.15485140930065
 0.152430873974378
 0.13359258753349
 0.140939841548506
 0.14992766686726
 0.118641734010844
 0.147450293600921
 0.155909584600398
 0.159457754363728
 0.160425478107054
 0.158754003973461
 0.162099319058842
 0.15656698634674
 0.126024193448704
 0.133475995105693
 0.165849421966487
 0.157303102948201
 0.134305796000701
 0.157186799998413
 0.155114221340765
 0.174775227994557
 0.145307358043309
 0.178521149845682
 0.16593119595558
 0.142197066997442
 0.124276468253
 0.147089155350898
 0.145344991292273
 0.160746690044989
 0.135990653926847
 0.165932067790578
 0.158559598910951
 0.148046761617894
 0.139894608812589
 0.120890845139697
 0.143144562409505
 0.134487652749282
 0.156645697183559
 0.144817613986564
 0.141957908535621
 0.124922326399193
 0.13106233578059
 0.133419007668793
 0.127398598580787
 0.135825053600628
 0.14706523750185
 0.129636031981725
 0.115381161685224
 0.129790743575094
 0.152524697154431
 0.136045280164318
 0.116346808850258
0.0971183168269492
 0.0896704057557024
 0.0963424317759579
 0.076284760134624
 0.0976184113020081
 0.114067400566354
 0.0909805117056551
 0.101947064913815
 0.103263759536564
 0.0988724556366775
 0.106510267946781
 0.117614280974626
 0.1020587511818
 0.0828051517475898
 0.0816924384933614
 0.0924280947680115
 0.0926017052820854
 0.106172844234376
 0.116813624789101
 0.118529164892564
 0.108479740061636
 0.131882669496627
 0.172477328993124
 0.128978351474364
 0.122195281920835
 0.127154592368908
 0.0943524578538009
 0.106136805726325
 0.128574328070397
 0.150837173247731
 0.139743868720353
 0.132814236342637
 0.129790229874854
 0.143195028029232
 0.105530146323682
 0.13601835301674
 0.133987569718578
 0.130110388924346
 0.142487237005568
 0.14671023629053
 0.147968234154053
 0.13598656054333
 0.115702638189997
 0.122664498038629
 0.153213373844778
 0.139958223262172
 0.114559265839287
 0.143393262624637
 0.133115071292335
 0.143731906177549
 0.124134137234483
 0.167061657709449
 0.157660331327652
 0.135679733058507
 0.111384244480781
 0.131974304260293
 0.138201240734599
 0.141813818889826
 0.122312546267029
 0.147166576461317
 0.150781854399684
 0.138290495552156
 0.131316672615684
 0.117148702357247
 0.125168950026019
 0.122627630629746
 0.156035085170574
 0.134822599660423
 0.138231155042507
 0.112866629523144
 0.116430479551476
 0.125974342485957
 0.117732765842197
 0.125718196362076
 0.146381063084998
 0.121440372248645
 0.107829280353082
 0.126514025727772
 0.13392364161754
 0.128501145668911
0.0808996433584504
 0.090117914680437
 0.0898681407618182
 0.0853929260952628
 0.0694304973490884
 0.0941122495103552
 0.111024948505773
 0.0920244696403709
 0.0938640883640587
 0.101392269972311
 0.0911224918682537
 0.102464617770028
 0.111027516764433
 0.0972866068259238
 0.0828728713085549
 0.0734722522542958
 0.0889111582726283
 0.0821754684344642
 0.102485389748721
 0.100123010460459
 0.095395477346391
 0.0935927765710988
 0.118870269856088
 0.152986543973899
 0.113501498399044
 0.115859733434308
 0.11106504225654
 0.0819852473442787
 0.0955903928426174
 0.114308199579169
 0.129926879380351
 0.11915249769688
 0.114078026930977
 0.108969850354886
 0.123489213722844
 0.0900953155037214
 0.112641932573824
 0.112012399798583
 0.108681937286535
 0.119364757089523
 0.128712383164226
 0.119718337058524
 0.114617454000567
 0.0965020056623241
 0.105756263282888
 0.129329220145442
 0.116977758323489
 0.0946724310337402
 0.122879772113819
 0.11380157321464
 0.119109092101603
 0.103588329592445
 0.138171631026003
 0.136803547711464
 0.113851674177443
 0.0952004428588129
 0.0999365212725168
 0.113717335580001
 0.119882939214397
 0.1104824344606
 0.132223964960427
 0.125700923826293
 0.114393948301043
 0.119175439799055
 0.103776486265117
 0.109204217665116
 0.105877027411645
 0.141573428754021
 0.119918768830365
 0.118310671940641
 0.0991102103221896
 0.0993546536249697
 0.104823972179932
 0.104655723005432
 0.111150712737054
 0.125174246644925
 0.106396097641991
 0.0884069204105539
 0.107936771841567
 0.113273117499645
0.0698911535611594
 0.0705355978045218
 0.0815067567987173
 0.0831892289195136
 0.0793778043178594
 0.0632155897249181
 0.0875959718098438
 0.0987288909463583
 0.084555906111428
 0.0884880758391972
 0.0885195145494655
 0.0808122076967283
 0.0975318368165844
 0.102930092381104
 0.089500737377871
 0.0719090577439121
 0.0695841987042754
 0.080385436445157
 0.0674001605560668
 0.0894250780165599
 0.0842177767192536
 0.0792030401310588
 0.0774544830369837
 0.099529725779597
 0.125845778135246
 0.0996622439075434
 0.0964002964014709
 0.0928193743396578
 0.0669541460494873
 0.0766288468855882
 0.098748011439351
 0.10880385685305
 0.0963374325669162
 0.0880053921962348
 0.0843968080498167
 0.0927940633677879
 0.0677980831576583
 0.0892387575450908
 0.0893911217956093
 0.0904548908264075
 0.0994531753826363
 0.103912407033043
 0.0978637631706966
 0.0941723359095817
 0.0779169467758586
 0.0823176870186373
 0.100737028886724
 0.0887189110896646
 0.07190842139485
 0.0989531753968162
 0.0913549245345894
 0.095224629209168
 0.0851850355763711
 0.112168078226806
 0.109196092369041
 0.0827457800093551
 0.0755072996398085
 0.0812763938226419
 0.0853601750686998
 0.104070251061898
 0.0888758351103528
 0.111916006783702
 0.101664542067603
 0.0882684425970454
 0.100329367403979
 0.0821807112493823
 0.088896413323337
 0.0892271873500515
 0.120844881794548
 0.102905018347467
 0.104694007898454
 0.0863442570658254
 0.0828885456977609
 0.0954392244891115
 0.0867474012010288
 0.0893207284918452
 0.103550665352831
 0.0935469717912544
 0.0782287091619122
 0.0899153820506884
0.0644768599892296
 0.0598495015443781
 0.0664947343489506
 0.0720337575647445
 0.0782233521657447
 0.0673052163300695
 0.0539072407752974
 0.0751160001129893
 0.0899525304503515
 0.0735638610914572
 0.0769986761255818
 0.0801613077977164
 0.0726802926906078
 0.0896844728483838
 0.0940496876298466
 0.07797971556415
 0.0602035344953936
 0.0613502355660754
 0.0671543035891391
 0.0536700135636803
 0.0731904304943881
 0.0695216844309322
 0.0679901527778196
 0.0679495675160044
 0.0818209210179152
 0.0978337282233762
 0.0799432235138658
 0.0763098533227502
 0.0661557215760939
 0.0518466193894682
 0.0597574902685118
 0.0799771247233777
 0.0817979109073844
 0.0776433501462206
 0.0676619735770935
 0.0685255424738652
 0.0660647490971972
 0.0542161303785035
 0.071618442866277
 0.0711062008437617
 0.0706615658086739
 0.0766376512481734
 0.0828506867130842
 0.0771032075872207
 0.074861766563932
 0.0564985694754039
 0.063257049484962
 0.0729749179436653
 0.0636540293285118
 0.0539837167218305
 0.0779903674333158
 0.0694727390193078
 0.0722678263142098
 0.0669555681818685
 0.0876804984775926
 0.0843584202142175
 0.0648099540597374
 0.0542187611168319
 0.0642766634374413
 0.0677876398022076
 0.0820837197451505
 0.0715819232805432
 0.0865121864833733
 0.0824470590966585
 0.0674224943077113
 0.080820937794613
 0.0657551274870543
 0.0715275031615598
 0.0707847632582326
 0.10068104011624
 0.0812283386749224
 0.0864163987557629
 0.0694778708997576
 0.0653468482849088
 0.0787331286801244
 0.066258774399005
 0.0723422527828278
 0.0827383222768545
 0.0761157046298645
 0.0642301057633442
0.0681130368113124
 0.0548316319313507
 0.0550703567319176
 0.0603356160337309
 0.0639120796837925
 0.0708865059992728
 0.0611573558817498
 0.0473341443993508
 0.0661884910320915
 0.0755508048454162
 0.0650008113811548
 0.0653450466956012
 0.0732182513990307
 0.0628350923531585
 0.077612767515496
 0.0816774550583354
 0.0655329430659334
 0.0496871427566476
 0.0516270258143871
 0.0536793199908251
 0.0428038590262105
 0.0593191926963452
 0.0534240082708713
 0.0538923543807101
 0.051886673543115
 0.0665220720183846
 0.0714694430036267
 0.0605015715869933
 0.06074424785259
 0.0521341689875684
 0.0392646627453696
 0.0484353655510031
 0.0649374923028638
 0.0580614398782575
 0.0603082464836178
 0.0483552777487382
 0.0515127656769852
 0.0501474615287317
 0.0388950527263244
 0.0526821183860218
 0.0539503293591451
 0.0500227640978491
 0.0551609443345625
 0.0599101071946042
 0.0577165223532226
 0.0519228685045737
 0.0403382031892128
 0.0432346692584421
 0.053643091162715
 0.0464412658764764
 0.039894502658569
 0.0584772311855008
 0.0526574751841733
 0.0576145588060166
 0.049656275846295
 0.0655335630970639
 0.0623401789661686
 0.0482440279250978
 0.0423606207470508
 0.0503880892047126
 0.0508380496269658
 0.0615135591873396
 0.0534930200767366
 0.0636988659608098
 0.0616104479412544
 0.0488930412684294
 0.0568530625660085
 0.0493613232151517
 0.0564124457385029
 0.0555625013502295
 0.0835774097357914
 0.0633224371625191
 0.0674724799061875
 0.0577960338006632
 0.0508696471453235
 0.0664986379582786
 0.0493543084356827
 0.0551228472305228
 0.0653044781641033
 0.0578031280657074
0.0652951652960633
 0.0587084785536846
 0.0487762466348024
 0.0482291216972623
 0.0507604391113821
 0.0510535953420614
 0.058502517504995
 0.047618637513506
 0.0399337743204081
 0.0590616658053654
 0.0671278571570479
 0.0544050696639804
 0.0609113403825415
 0.0634170051430616
 0.0480976052449691
 0.0637528072365458
 0.0636173402814524
 0.0526927563448909
 0.039982679742731
 0.0388459829242489
 0.0412488027272304
 0.0343797653463052
 0.0472686532527187
 0.041529818867781
 0.0443569084299776
 0.0417811327325288
 0.0491671335076938
 0.0533970536577449
 0.0462493599514561
 0.0446920508968528
 0.0397719875476438
 0.0279124126564384
 0.0363070585056298
 0.0450472735472232
 0.0411984277430752
 0.0436299752705796
 0.037086353729316
 0.037348718838128
 0.0350116981742747
 0.0260829916152945
 0.036380771436892
 0.0390222587147019
 0.0350528657058906
 0.039593438371077
 0.043409295147259
 0.0419383788552031
 0.0343015673436131
 0.0277985882364285
 0.028569156501083
 0.0352624904745503
 0.0339099303478367
 0.0294438025347266
 0.0413325623210071
 0.0403989633197175
 0.0409274230677442
 0.0364143833612672
 0.0463093970386943
 0.0441397406874181
 0.0366178076993408
 0.0292965526648388
 0.038619794253767
 0.0370965223134188
 0.0455402614598968
 0.0400730802389222
 0.0499696885240394
 0.0477194739858876
 0.0323584836010582
 0.0444039590036903
 0.0385625939630149
 0.0431781906660443
 0.0419409115738179
 0.0626060396905527
 0.050697338055383
 0.0545531218188864
 0.0439356677851049
 0.0414641967306366
 0.0503540113476476
 0.0378111285146711
 0.0412614755231112
 0.0509113635051994
0.0650721246179708
 0.0591256437113907
 0.0510353506834258
 0.0416270669896039
 0.0412626517549099
 0.0430724678682738
 0.0425765513601712
 0.0482531492074147
 0.037928032044353
 0.0335545316678181
 0.05069410404745
 0.0589341073865591
 0.0462474071117508
 0.0534942037624338
 0.0500769812939608
 0.0406032405002747
 0.0502436663192238
 0.0470766045423336
 0.038924490547914
 0.0310020983707496
 0.0306856900162989
 0.0299772335459158
 0.0258952760941395
 0.033935893283621
 0.0321430596380798
 0.034774111162086
 0.0307456561339086
 0.0349441348373022
 0.0391301522229167
 0.0343726873853543
 0.0332904592608412
 0.02911305025056
 0.0194054792951977
 0.0262625483510027
 0.0312512838624868
 0.0281600197655412
 0.0299104985712708
 0.0269477275587125
 0.0265823103457785
 0.0253246228932874
 0.0184158932935366
 0.0234519773585825
 0.0255078985093475
 0.0253262867095858
 0.0263768752493335
 0.0293003122506265
 0.0281590137327906
 0.0223443583082537
 0.0174307770719385
 0.0188453595045267
 0.0255756313728432
 0.0225034230411365
 0.0223428616759841
 0.0311347445142327
 0.0266993617332812
 0.0294918235859771
 0.0264012563825858
 0.0316300820098536
 0.0296956529030614
 0.0249490566865155
 0.0215131037645329
 0.0284848758197192
 0.0277101023534325
 0.031564869425869
 0.0304975043866097
 0.0361342993363106
 0.0322582470397872
 0.0240150199310206
 0.0316744482091157
 0.0286786177853972
 0.0310998862817011
 0.0328585288066699
 0.0441204431801938
 0.0400629580302225
 0.0407021322033166
 0.0334128729562323
 0.0323250923814014
 0.0407320221745656
 0.0275924951024414
 0.0324732009865229
0.0433285345848661
 0.0569935213736356
 0.0500594886124566
 0.0414596869378133
 0.0356174288393467
 0.0334453642655816
 0.0363790545946534
 0.0351077888841331
 0.0411263128286268
 0.0285048531821624
 0.0279670545260836
 0.0431460008410701
 0.0502818309781929
 0.0378091450580824
 0.0442504905706241
 0.042458805212849
 0.0338827592965626
 0.0405560322691144
 0.0353004853357051
 0.0257086401007226
 0.0229530089808492
 0.0224003751041264
 0.0222050518231398
 0.0178224739845965
 0.0248446824144114
 0.023582519617825
 0.0251113189406438
 0.0227781543553615
 0.0247525914376318
 0.0261309843422072
 0.0229073904286538
 0.0229072904507876
 0.0202771627662282
 0.0130881223802988
 0.0180382262155416
 0.0211192573539
 0.0177198888590506
 0.0195054429360306
 0.0180972955092245
 0.0186710220139889
 0.017469422929218
 0.0124612658475133
 0.015439913790245
 0.0163056335504497
 0.0176583091001135
 0.0164327010079561
 0.0191206946267963
 0.0182944227377899
 0.0147232575461588
 0.0121338189210812
 0.0132095795443226
 0.0176250694055393
 0.0160112243702652
 0.0156977938985509
 0.0205331535194581
 0.0184077279871996
 0.0208261365225669
 0.0179462635885941
 0.0219108232292215
 0.0216045150665495
 0.0188906929608082
 0.0155758275633663
 0.0201107794154872
 0.0198519983261625
 0.022731975094738
 0.0213220022043074
 0.0258848834567729
 0.0228505368224105
 0.0172641173894756
 0.0237779009735784
 0.0210015760537447
 0.0223065870439485
 0.0248225211140878
 0.0311140588351559
 0.0301448551956569
 0.0314054459427916
 0.024681637528441
 0.024116317079993
 0.0319024940937295
 0.0225325839262917
0.0383572487952812
 0.0367858578053471
 0.0452054134061034
 0.0414836661827104
 0.0339968397189659
 0.0307675906636536
 0.0277213232120424
 0.0317462594852563
 0.0274427772367993
 0.0337044746708877
 0.0237144649579902
 0.0245334728214839
 0.0345568622690131
 0.0424392531386436
 0.0287387237529663
 0.0346056001505793
 0.0333501887769294
 0.0263396213492372
 0.0326180824269114
 0.0255882032593396
 0.0180719342423247
 0.017778336715791
 0.0157393422404769
 0.0162210467101218
 0.0138723674069483
 0.0187980753593177
 0.0168197424956121
 0.0165610309919173
 0.0166625740297307
 0.0175461893892153
 0.0190148072304341
 0.016615959238601
 0.0152695071109915
 0.0130983367766789
 0.00833670829549238
 0.0118682098627814
 0.0132982970794501
 0.0110345212220989
 0.0131964593993135
 0.0119032665806906
 0.0128157440064397
 0.0115559780805219
 0.00833856260249743
 0.0102379811989141
 0.0110403765073496
 0.0118836699842023
 0.0106129373676594
 0.0124442816797636
 0.0117697173687793
 0.00953741631669341
 0.00783641850862927
 0.00876801961625216
 0.0121472649878093
 0.0114212116268172
 0.0104559855241573
 0.0140289840858541
 0.0121046696013516
 0.0132235660910999
 0.012121030288215
 0.0151911863051075
 0.0156310804472533
 0.0134228940626465
 0.0109039505249676
 0.0147322199480761
 0.0143231224233115
 0.015018443485953
 0.0153852711057191
 0.0180416946242276
 0.0175254219823411
 0.0126529104470631
 0.0176723458001328
 0.0148745278890927
 0.0166971945694381
 0.0187631840039357
 0.0218208287907971
 0.021862982693902
 0.0235837001904444
 0.0193624847333942
 0.0183287372187691
 0.0229361297106646
0.0329402529008526
 0.0330372114712884
 0.0306461228277021
 0.0377168401857519
 0.0330927331870839
 0.0269459455094547
 0.0247390877020897
 0.0240381235222435
 0.0253392630426695
 0.0215729658778035
 0.0284185117664221
 0.0193557027523393
 0.0192500531811426
 0.0274991412498902
 0.0316334784129691
 0.0213459286296794
 0.0261331321246456
 0.025987148690181
 0.0189573026325918
 0.0232763886245685
 0.0165755405406794
 0.0124113604134305
 0.0133051280727422
 0.0109313075640102
 0.0113060128886437
 0.0102323527719794
 0.0133039013757078
 0.0116730318247928
 0.0117821816978016
 0.0114939198273829
 0.0123914198244753
 0.0125441394949793
 0.01135235214825
 0.00963984523027704
 0.00821357684042542
 0.00538706400986505
 0.00758846015628991
 0.00814938038950442
 0.00693249445758187
 0.00893860050222683
 0.00800143325509765
 0.00789396634112796
 0.00699494803168017
 0.00578912177765196
 0.00639869063833044
 0.00712768393152446
 0.00739651430902177
 0.00688097606836825
 0.00749536771907507
 0.00753403844655691
 0.00606740150119187
 0.00490002830354577
 0.00594606412516524
 0.00841745769191148
 0.00715262908601295
 0.00704994198019123
 0.00893625756582575
 0.00760475759863052
 0.00889169728488718
 0.00844857639718546
 0.00974788805621859
 0.0104246233712781
 0.00907972985918435
 0.00743587903959525
 0.0102329730655928
 0.00994769960214861
 0.0104984980191902
 0.0111591783456604
 0.0132378032254664
 0.0128465585077117
 0.00904319279344695
 0.0125761965247975
 0.0104653316811701
 0.012462295951204
 0.0136669672178633
 0.0165114117988991
 0.0149771709137708
 0.0179209387856483
 0.0139040030503111
 0.0132572473696257
0.0270922186994023
 0.0284685200183898
 0.0283186244624
 0.0250073274770642
 0.0303984138707738
 0.0279782832890869
 0.0234997144153268
 0.0196487326678751
 0.0182043528206773
 0.0208355338350354
 0.0180276860786037
 0.0227817416787417
 0.0148965188484782
 0.0151667413616771
 0.0214815901974358
 0.0225888453775389
 0.0165945485589802
 0.0196916407814019
 0.0179776217147932
 0.01424846662763
 0.0163808648708122
 0.0121191120224966
 0.00830972101207687
 0.00923432665205265
 0.0078549833337441
 0.00782769998222258
 0.00700274553143178
 0.00853454314512813
 0.00813201984937443
 0.00760670245407426
 0.00769413906099434
 0.00799035502296581
 0.00790009251952444
 0.00745486439325288
 0.00630867231764968
 0.00516993985022747
 0.00345441923571583
 0.00493662857531953
 0.00489956966023144
 0.00428274254726402
 0.00632980322156221
 0.00507539074740348
 0.00489709404339015
 0.00421288618074618
 0.003709649712585
 0.00419827116425149
 0.00461510332175037
 0.00444180496124053
 0.00445432765900297
 0.00438843227911926
 0.0047544304914589
 0.00399578911311457
 0.00324594931675041
 0.00389975400362597
 0.00546194783509119
 0.00475592553655232
 0.00479175015808493
 0.00580019156213414
 0.0053514209036942
 0.00610491166999909
 0.00592851826912846
 0.00680524137201562
 0.0072791911223915
 0.00607973674293142
 0.0050967956364504
 0.00729958095773941
 0.00646766551241571
 0.00655511591398559
 0.00774298192784309
 0.00959413952953915
 0.0089516851915814
 0.00655918011394427
 0.0081638605656343
 0.00795777352292821
 0.00912356996500142
 0.00977027617353958
 0.0119993979401627
 0.0108152628141468
 0.0128364212014806
 0.0106053060081067
0.112358292466768
 0.114175456425543
 0.112258933466576
 0.121117402410123
 0.122412130728239
 0.126946820113301
 0.125094575844479
 0.115183976238454
 0.105502040680493
 0.0923126286470583
 0.0919809379782916
 0.0898873043804678
 0.0862823725190822
 0.0818214001872025
 0.0760054522269381
 0.0747008967746748
 0.0713110512720413
 0.0645965473780551
 0.058806180628778
 0.0540072978087929
 0.0488657597938214
 0.043220143972568
 0.0403757641995063
 0.0333683134397088
 0.0284435152010787
 0.0254988686866705
 0.0229649035477904
 0.0201787671790989
 0.0197273612231573
 0.0181822222479517
 0.0169262284788698
 0.0167655005489397
 0.015752835685155
 0.014993853719086
 0.0136717926515905
 0.0124353098545546
 0.011891116252603
 0.00909393335134274
 0.00885304416049015
 0.00896653564508605
 0.00812719959043509
 0.00853417556948086
 0.00793090304096146
 0.00804436023206009
 0.00770330563714802
 0.00674314644467527
 0.00662025095746603
 0.0069086515726463
 0.00641849768108581
 0.00667068834810954
 0.00733446351117529
 0.00717474489915172
 0.0074676555208649
 0.00708459597085386
 0.00706193930922019
 0.00752173470503931
 0.0083027713474039
 0.00802270701898329
 0.00869662182165787
 0.00909853491089695
 0.0102765581752359
 0.0107971297099744
 0.0124310578707562
 0.0134011700541964
 0.0125772536609148
 0.0116197888390864
 0.0132702571456475
 0.0135834303657533
 0.014540160960535
 0.0161352892801261
 0.0172040678894426
 0.0188167708499748
 0.0172848852414284
 0.0190615043053136
 0.017444970869308
 0.0193076717258327
 0.0216348605710514
 0.0260581685064192
 0.0269489460251787
 0.0305200800519479
# sindex
3.05856344100433
 3.14402815109016
 2.61454513302439
 2.72073466005501
 2.89411293111811
 2.81209882933752
 2.76024236971998
 2.78732757067247
 2.61601343195148
 2.564373329702
 2.82929205601146
 2.26186456709571
 2.35934618761138
 1.95430772094667
 2.09123579085301
 2.1239748685459
 1.71482402171135
 1.80961238139073
 1.80058772669766
 1.76553616514883
 1.78724295509825
 1.75572488686477
 1.67653625439147
 1.69770221582714
 1.62213628387418
 1.53096343309891
 1.6231925983922
 1.63456854109744
 1.56434296618704
 1.69506707128964
 1.63771908256659
 1.59811138356488
 1.46346002204837
 1.44346854481441
 1.42355661493931
 1.4609389941822
 1.4360325371348
 1.3791994535924
 1.4284660189534
 1.45060983906951
 1.32737822828583
 1.26262432648701
 1.17965495908821
 1.33229205348684
 1.32586665395605
 1.30370952595477
 1.24109926917694
 1.31226651315089
 1.30867610726023
 1.48094899600872
 1.3367356639571
 1.41419811475555
 1.35421335745761
 1.28310325760935
 1.44216819748342
 1.24600095452065
 1.44952370666895
 1.58599324935798
 1.46069061220871
 1.36017856901965
 1.37358484575984
 1.49918271603825
 1.49325528072334
 1.62822965491323
 1.57546738763909
 1.57685700630125
 1.60831926261665
 1.67130974039142
 1.6613225647201
 1.58587422420001
 1.78059609240794
 1.68349609635964
 1.75035043102694
 1.60160208886915
 1.73908053711776
 1.8963090009751
 1.83044299833439
 1.77404721813168
 2.02943285333003
 1.97076842321536
